ACNSIGE_        41.70       -6.35     815.  15.   0.003000  11.55  0.012
ADARMETO        52.79       -4.74      94.  15.   0.002910  11.36  0.012
AGDSSGN1        43.31        3.47      18.  15.   0.005590  13.97  0.012
AGENSGN1        44.17        0.61      65.  15.  -0.000520  12.70  0.012
AGRDIGE_        41.85       -1.93     959.  15.   0.006640  11.45  0.012
AGUEIGE_        40.58       -8.45      48.  15.   0.007950  13.24  0.012
AICISGN_        43.33       -1.01      71.  15.   0.000390  15.11  0.012
AILTSGN1        47.88        3.36     140.  15.  -0.001500  13.41  0.012
AJACIGE_        41.93        8.76      49.  15.   0.007110  14.28  0.012
AJALIGE_        41.22       -2.27     831.  15.   0.007850  11.54  0.012
ALACSGN1        38.34       -0.48      10.  15.   0.011990  14.09  0.012
ALBAIGE_        38.98       -1.86     702.  15.   0.011190  14.35  0.012
ALCOIGE_        38.70       -0.47     589.  15.   0.007220  13.79  0.012
ALDAIGE_        42.75       -2.33     831.  15.   0.001560  13.77  0.012
ALDBMETO        52.15        1.60      12.  15.  -0.000500  10.87  0.012
ALORIGE_        39.93        4.14     141.  15.   0.001980  15.08  0.012
ALUYSGN1        47.04        3.63     276.  15.  -0.000490  14.33  0.012
AMARIGE_        38.21       -7.23     211.  15.   0.005200  11.82  0.012
AMB2SGN_        45.54        3.75     566.  15.  -0.001800  12.93  0.012
AMBLSGN1        49.86        0.99      85.  15.   0.003010  11.48  0.012
AMERMETO        51.68       -0.56      87.  15.   0.001030  10.69  0.012
AMURIGE_        43.06       -3.00     248.  15.   0.002680  15.64  0.012
ANAYSGN_        45.24        4.68     390.  15.   0.006490  12.30  0.012
ANCYSGN1        45.90        6.12     479.  15.   0.000890  11.82  0.012
ANDESGN_        48.79        4.95     174.  15.   0.001360  13.29  0.012
ANGLSGN_        46.41       -1.41       8.  15.   0.005380  15.66  0.012
ANLXMETO        51.69       -5.08      20.  15.   0.002290  12.63  0.012
APPLMETO        51.06       -4.20      16.  15.   0.002930  11.89  0.012
ARANSGN1        45.72        5.42     240.  15.   0.006660  13.65  0.012
ARDLMETO        51.92        0.96      46.  15.   0.000630  11.12  0.012
ARDNSGN1        47.78        1.87     145.  15.   0.003490  12.33  0.012
ARDUIGE_        41.67       -3.74     791.  15.   0.002350  11.95  0.012
ARNASGN_        47.95        0.18      50.  15.   0.001550  13.41  0.012
ARSPIGE_        40.21       -5.08     583.  15.   0.008920  13.54  0.012
ASAPMETO        53.25       -3.48      50.  15.   0.002050  10.02  0.012
ASTOIGE_        42.46       -6.05     883.  15.   0.000680  11.26  0.012
ATSTSGN1        42.17        9.34     690.  15.  -0.000900  14.95  0.012
ATTLMETO        52.52        0.99      36.  15.   0.000030  10.41  0.012
AUCHSGN1        43.65        0.58     183.  15.   0.002320  12.65  0.012
AUNIMETO        46.10       -0.95      32.  15.   0.001130  15.65  0.012
AVELIGE_        41.88        0.75     633.  15.   0.006870  14.30  0.012
AVILIGE_        40.65       -4.68    1123.  15.   0.006350  10.75  0.012
AYORIGE_        39.06       -1.06     610.  15.   0.003720  12.56  0.012
BACTSGN1        44.39        6.65    1152.  15.  -0.002860  11.97  0.012
BADAIGE_        38.89       -6.99     195.  15.   0.002250  11.68  0.012
BADHIGE_        50.23        8.61     213.  15.   0.006030  11.00  0.012
BAIAIGE_        41.16       -8.03     570.  15.   0.005210  13.67  0.012
BALGSGN1        47.93        7.54     215.  15.   0.003890  11.91  0.012
BARYSGN1        43.04        0.67     582.  15.  -0.000040  12.72  0.012
BASTSGN1        42.00        9.05     805.  15.   0.017040  13.48  0.012
BEA2SGN_        42.52        3.14      58.  15.   0.001180  14.74  0.012
BEAUSGN_        49.43        2.08      84.  15.   0.000010  12.08  0.012
BEJAIGE_        38.01       -7.87     251.  15.   0.004540  10.68  0.012
BELLSGN1        41.60        1.40     804.  15.   0.019190  14.65  0.012
BLGNSGN1        46.17        5.57     495.  15.   0.001340  12.69  0.012
BONAIGE_        39.61        3.39       9.  15.   0.003580  15.10  0.012
BORBIGE_        38.81       -7.46     441.  15.   0.006150  11.53  0.012
BORRIGE_        39.91       -0.08      22.  15.   0.008140  13.32  0.012
BOTIIGE_        41.69       -7.66     529.  15.   0.003710  12.52  0.012
BRECMETO        51.95       -3.38     190.  15.   0.000030  10.85  0.012
BRESSGN_        46.84       -0.47     197.  15.   0.003960  13.23  0.012
BRUXBKG_        50.80        4.36     113.  60.   0.000980  13.21  0.012
BUOSIGE_        41.59       -3.07     910.  15.   0.005360  10.95  0.012
BURGIGE_        42.35       -3.69     886.  15.   0.005250  11.93  0.012
BUXTMETO        53.23       -1.92     392.  15.   0.000540   9.90  0.012
BVSMSGN_        49.18        5.37     231.  15.  -0.001300  13.38  0.012
CACEIGE_        39.48       -6.34     382.  15.   0.005190  10.48  0.012
CAENIGE_        49.18       -0.46      66.  15.   0.004470  12.85  0.012
CAGZIGE_        39.14        8.97     192.  15.   0.001730  14.58  0.012
CAMOMETO        50.22       -5.33      88.  15.   0.003690  13.21  0.012
CAMPSGN1        41.92        8.79      11.  15.   0.010460  15.55  0.012
CAPTSGN1        44.30       -0.26     112.  15.   0.004630  14.33  0.012
CARIMETO        51.53       -3.11      42.  15.   0.001430  11.86  0.012
CAS0IGE_        42.54       -2.91     512.  15.   0.004360  15.43  0.012
CASSIGE_        41.88        2.90     202.  15.   0.001800  13.40  0.012
CASTIGE_        38.73       -5.54     484.  15.   0.007690  10.42  0.012
CAUSSGN1        44.18        1.62     177.  15.  -0.001240  13.71  0.012
CBRAIGE_        39.82       -7.51     381.  15.   0.001590  11.69  0.012
CBRYSGN1        45.58        5.91     275.  15.   0.001870  13.30  0.012
CCEXIGE_        39.47       -6.38     489.  15.   0.004780   9.96  0.012
CDJCSGN1        44.73       -0.53      18.  15.   0.001660  14.02  0.012
CDRDIGE_        40.59       -6.54     623.  15.   0.008090  11.39  0.012
CERVIGE_        42.01       -1.94     672.  15.   0.000320  15.62  0.012
CHALSGN1        46.77        4.86     185.  15.  -0.000170  13.17  0.012
CHASSGN_        47.86        4.56     252.  15.  -0.002380  13.14  0.012
CHBLSGN_        48.98        0.56     238.  15.   0.003650  11.44  0.012
CHBRSGN_        47.71       -1.39      65.  15.   0.004750  14.20  0.012
CHBSSGN1        47.25        1.66     116.  15.   0.002690  13.97  0.012
CHEBSGN1        48.67        2.88     122.  15.   0.004780  11.75  0.012
CHIOMETO        51.15       -1.44      82.  15.   0.001170  11.53  0.012
CHLNSGN1        49.81        2.80     102.  15.   0.001040  13.90  0.012
CLAWMETO        52.36       -1.33     110.  15.  -0.000500  10.27  0.012
CLFDSGN1        45.76        3.11     422.  15.  -0.000180  13.05  0.012
CLMTSGN1        45.78        3.15     341.  15.   0.002480  12.47  0.012
CLNMMETO        52.35       -7.70      27.  15.   0.000470  11.09  0.012
COLESGN_        49.56        3.77      90.  15.  -0.000100  11.97  0.012
CORIIGE_        39.98       -6.52     244.  15.   0.005200  11.88  0.012
CORKMETO        51.88       -8.53      31.  15.   0.001170  12.11  0.012
CORZSGN_        43.18       -0.24     273.  15.  -0.001240  15.77  0.012
COUDSGN1        51.02        2.37      12.  15.   0.003150  12.73  0.012
COUTSGN1        45.04       -0.12      35.  15.   0.007480  14.53  0.012
CPSNSGN1        49.75        1.60     243.  15.  -0.000850  11.65  0.012
CRALSGN1        43.13        0.37     607.  15.   0.006960  12.93  0.012
CREISGN1        49.26        2.51     101.  15.   0.001480  13.00  0.012
CREUIGE_        42.32        3.32      84.  15.   0.010420  14.73  0.012
CRRGSGN_        48.57       -0.15     334.  15.  -0.000800  12.02  0.012
CSTNSGN_        43.53        1.50     164.  15.   0.003680  12.23  0.012
CT10SGN_        48.80        1.81     111.  15.   0.000910  11.89  0.012
CT11SGN_        48.77        1.52     184.  15.   0.002190  11.88  0.012
CT13SGN1        48.57        1.67     194.  15.   0.002700  11.48  0.012
CT14SGN1        48.43        1.53     174.  15.   0.003350  12.39  0.012
CT15SGN1        48.45        1.23     216.  15.   0.001710  11.54  0.012
CT17SGN_        48.20        1.16     211.  15.   0.004120  12.60  0.012
CT18SGN1        48.08        1.88     153.  15.   0.004220  11.92  0.012
CT1ASGN1        48.19        1.94     176.  15.   0.003170  11.61  0.012
CT20SGN_        49.09        1.35     168.  15.   0.001940  11.88  0.012
CT21SGN_        49.38        1.60     171.  15.   0.001990  11.65  0.012
CT22SGN_        49.30        1.35     186.  15.   0.002540  12.14  0.012
CT23SGN_        49.13        1.84     188.  15.   0.003770  10.99  0.012
CT24SGN_        48.90        1.74     177.  15.   0.000220  12.04  0.012
CT25SGN_        49.05        0.90     171.  15.   0.003480  12.66  0.012
CT26SGN_        49.15        1.54     183.  15.   0.001810  12.44  0.012
CT27SGN1        48.98        1.51     206.  15.   0.004140  12.12  0.012
CT30SGN_        48.94        0.63     223.  15.   0.003910  12.44  0.012
CT31SGN_        48.84        0.92     192.  15.  -0.000120  12.16  0.012
CT32SGN_        49.38        0.72     151.  15.   0.002170  12.86  0.012
CT33SGN_        49.23        0.51     193.  15.   0.003880  12.72  0.012
CT34SGN_        49.16        0.79     172.  15.   0.005480  12.52  0.012
CT35SGN1        49.24        0.88     187.  15.   0.005650  12.88  0.012
CT36SGN1        49.10        2.14     141.  15.   0.001790  13.16  0.012
CT37SGN1        49.05        0.45     198.  15.   0.006420  11.79  0.012
CT38SGN1        49.07        1.22     159.  15.   0.006510  12.44  0.012
CT39SGN1        49.03        0.65     188.  15.   0.006000  12.61  0.012
CT3BSGN1        49.81        1.05     131.  15.   0.003660  12.37  0.012
CT3CSGN1        49.62        0.65     172.  15.   0.004080  12.93  0.012
CT3DSGN1        49.56        1.28     197.  15.   0.002900  13.15  0.012
CT3ESGN1        49.64        1.01     185.  15.   0.006580  13.14  0.012
CT3FSGN1        49.64        0.22     140.  15.   0.005320  14.27  0.012
CT3GSGN1        49.76        0.70     139.  15.   0.007960  13.63  0.012
CT3ISGN1        49.34        0.35     154.  15.   0.008150  13.26  0.012
CT40SGN_        48.70        0.78     236.  15.   0.000990  12.25  0.012
CT41SGN_        48.59        1.28     222.  15.   0.000960  11.35  0.012
CT42SGN_        48.91        1.27     189.  15.   0.002080  12.13  0.012
CT50SGN_        49.14        2.79     163.  15.   0.000420  12.15  0.012
CT51SGN_        48.56        3.01     163.  15.  -0.002750  12.93  0.012
CT53SGN1        48.64        2.82     145.  15.   0.001470  11.82  0.012
CT54SGN_        48.70        2.61     129.  15.   0.001960  10.98  0.012
CT56SGN1        48.85        3.24     208.  15.   0.001190  12.26  0.012
CT57SGN1        48.48        2.56     110.  15.  -0.001700  11.93  0.012
CT58SGN1        49.15        3.04     147.  15.   0.002050  12.51  0.012
CT59SGN1        49.27        2.74     109.  15.   0.007100  13.27  0.012
CT5FSGN1        49.03        3.01     148.  15.   0.004010  12.46  0.012
CT60SGN1        48.31        1.25     197.  15.   0.001500  11.59  0.012
CT70SGN_        48.33        1.90     174.  15.   0.002340  10.85  0.012
CT71SGN1        48.56        2.22     105.  15.   0.003800  11.54  0.012
CT72SGN1        48.48        1.85     188.  15.   0.003880  11.25  0.012
CT73SGN1        48.35        2.32     154.  15.   0.004300  11.40  0.012
CT80SGN1        48.06        1.42     165.  15.   0.003050  12.38  0.012
CT81SGN1        48.36        0.98     246.  15.   0.003830  12.13  0.012
CT83SGN1        48.19        1.39     172.  15.   0.004180  12.58  0.012
CTA1SGN1        49.93        1.32     155.  15.   0.004660  13.40  0.012
CUBXSGN_        44.87       -0.57      12.  15.   0.007480  15.09  0.012
DENIIGE_        38.83        0.10      20.  15.   0.009080  15.20  0.012
DIEPBKG_        52.59        8.34      39.  60.   0.003260  10.01  0.012
DIJOSGN_        47.31        5.07     281.  15.   0.001210  13.80  0.012
DIPLSGN_        48.59       -2.08      67.  15.   0.002550  14.37  0.012
DJONSGN1        47.36        5.04     283.  15.   0.001260  14.47  0.012
DOJXSGN_        48.36        5.16     241.  15.  -0.000830  13.09  0.012
DROWMETO        52.25       -2.20      37.  15.   0.000990  11.24  0.012
DUNGMETO        50.93        0.98      11.  15.   0.002150  11.23  0.012
DUNKMETO        50.86       -3.24     254.  15.   0.005090  11.74  0.012
EFBGBKG_        50.53        6.88     356.  60.   0.003190  12.05  0.012
EGLTSGN1        45.40        2.05     616.  15.   0.003400  11.97  0.012
EIJSBKG_        50.76        5.68      57.  60.  -0.000110  12.74  0.012
EIVIIGE_        38.95        1.41      83.  15.   0.005110  12.55  0.012
ELCIIGE_        42.51       -2.62     474.  15.   0.002230  12.99  0.012
EPRNSGN_        49.22       -0.37      68.  15.   0.001470  13.38  0.012
EQHESGN1        50.68        1.57      45.  15.   0.000450  12.26  0.012
ERLABKG_        49.59       11.00     291.  60.   0.006660  11.33  0.012
ESABSGN_        45.31        4.80     157.  15.   0.005800  13.04  0.012
ESCOSGN1        42.69        0.98    2455.  15.   0.006020  10.22  0.012
EUSKBKG_        50.67        6.76     198.  60.   0.002820  12.24  0.012
EXMOMETO        50.61       -3.41      14.  15.   0.002670  12.41  0.012
EZEVSGN_        43.77        7.50      28.  15.   0.001010  15.77  0.012
FARBMETO        51.28       -0.77      66.  15.   0.000110  11.03  0.012
FETASGN_        49.20        3.51     123.  15.   0.000010  13.03  0.012
FFMJBKG_        50.09        8.66     130.  60.   0.003960  11.02  0.012
FLOISGN_        49.72        4.95     244.  15.  -0.001500  12.28  0.012
FLRCSGN_        44.33        3.59     555.  15.   0.000910  12.87  0.012
FORMIGE_        38.71        1.43      50.  15.   0.005220  13.29  0.012
FOUCSGN_        49.84        1.58     192.  15.   0.001610  12.22  0.012
FRTTSGN1        47.68        5.57     326.  15.  -0.008740  14.23  0.012
FVFIIGE_        38.72       -8.32     183.  15.   0.007470  12.49  0.012
GAIAIGE_        41.11       -8.59     232.  15.   0.014250  13.13  0.012
GARDSGN1        44.84        0.31      33.  15.   0.003340  13.69  0.012
GARRIGE_        41.29        1.91     585.  15.   0.012590  12.56  0.012
GERNIGE_        43.32       -2.68      30.  15.   0.004280  15.73  0.012
GLRASGN1        44.84        4.52     763.  15.   0.003110  11.52  0.012
GOETBKG_        51.50        9.95     169.  60.  -0.001060  11.55  0.012
GOR2BKG_        53.05       11.35      21.  60.   0.002700  10.60  0.012
GORNSGN_        48.41       -0.81     177.  15.   0.002070  13.64  0.012
GORSMETO        52.58        1.73       7.  15.  -0.000860  11.15  0.012
GRASBKG_        43.75        6.92    1269.  60.   0.004320  12.16  0.012
GROISGN1        47.65       -3.51      43.  15.   0.002410  14.58  0.012
GRONSGN1        47.11        2.71     175.  15.   0.001240  13.33  0.012
GUARIGE_        40.54       -7.27    1026.  15.   0.005700  11.04  0.012
GUIJIGE_        40.55       -5.68    1009.  15.   0.007710  10.83  0.012
HARDMETO        50.95       -0.53      20.  15.   0.000630  11.18  0.012
HOBUBKG_        53.05       10.48     111.  60.   0.008170  11.27  0.012
HOFJBKG_        50.31       11.88     568.  60.   0.003730  11.58  0.012
HOHEBKG_        47.80       11.01     992.  60.   0.004350  13.50  0.012
HOLYMETO        53.32       -4.64      13.  15.   0.002940  11.31  0.012
HOOBMETO        53.48       -1.38     137.  15.  -0.000940  11.01  0.012
HRSNSGN_        49.93        4.07     187.  15.   0.002330  14.48  0.012
HUNGMETO        51.40       -1.51     136.  15.   0.005170  11.18  0.012
IFU1BKG_        47.48       11.06     746.  60.   0.001130  14.79  0.012
IGELIGE_        43.31       -2.04     265.  15.   0.001070  15.98  0.012
IGNEIGE_        40.45       -3.71     715.  15.   0.006530  10.46  0.012
ILBOSGN1        47.12        0.42      43.  15.   0.003070  14.30  0.012
ISLASGN_        49.10        2.21      37.  15.  -0.002430  12.36  0.012
JARGSGN1        47.86        2.12     112.  15.   0.001960  12.86  0.012
JEREIGE_        38.32       -6.78     447.  15.   0.004550  11.22  0.012
JORDIGE_        39.31        3.00       9.  15.   0.001990  14.94  0.012
JUM2IGE_        38.50       -1.33     559.  15.   0.008080  14.42  0.012
KARLBKG_        49.01        8.41     135.  60.   0.002620  12.47  0.012
KEYWMETO        52.88       -1.08      74.  15.  -0.002590  11.03  0.012
KINGMETO        52.75        0.40      21.  15.  -0.000010  10.46  0.012
KONESGN_        47.87       -3.90      30.  15.   0.004640  13.98  0.012
LANTIGE_        42.72       -2.98     480.  15.   0.002740  15.26  0.012
LAREIGE_        43.40       -3.45      15.  15.   0.004220  14.40  0.012
LAVLSGN_        48.07       -0.72      80.  15.   0.000030  14.34  0.012
LBRDSGN1        44.68       -0.53      25.  15.   0.005350  15.54  0.012
LBUGSGN1        44.95        0.92     218.  15.   0.002180  12.31  0.012
LCAUSGN_        44.98       -1.08      26.  15.   0.007450  15.45  0.012
LDB2SGN1        52.21       14.12     120.  15.   0.003390  10.26  0.012
LEEKMETO        53.13       -1.98     302.  15.  -0.000280   9.70  0.012
LEIJBKG_        51.35       12.37     134.  60.   0.004350  11.66  0.012
LENESGN_        49.15        0.91     143.  15.   0.003140  12.40  0.012
LEONIGE_        42.59       -5.65     914.  15.   0.002470  12.58  0.012
LERMIGE_        42.03       -3.76     872.  15.   0.004290  10.80  0.012
LETOSGN_        50.51        1.62      18.  15.   0.003350  12.02  0.012
LGARSGN1        44.30        0.38      88.  15.   0.002610  14.24  0.012
LICFMETO        52.71       -1.81      79.  15.  -0.001200  10.64  0.012
LIL2BKG_        50.61        3.14      51.  60.   0.008500  12.36  0.012
LINOMETO        53.25       -0.52      56.  15.  -0.001050  10.34  0.012
LIZDMETO        49.97       -5.19      47.  15.   0.002980  12.43  0.012
LLEIIGE_        41.63        0.60     205.  15.   0.007930  15.84  0.012
LLERIGE_        38.24       -6.01     642.  15.   0.006160  10.50  0.012
LLIVSGN1        42.48        1.97    1415.  15.   0.002380  12.99  0.012
LMCUROB_        50.64        3.08      67.  15.   0.000960  13.05  0.012
LMRKMETO        52.67       -8.58      25.  15.   0.002580  11.66  0.012
LPPZSGN_        48.45       -4.76      47.  15.   0.005500  13.51  0.012
LUCISGN1        42.39        9.53      14.  15.   0.008610  15.50  0.012
LUMISGN_        42.60        8.83       8.  15.   0.011790  14.87  0.012
MACHSGN_        46.98       -1.80      16.  15.   0.004350  15.62  0.012
MACYMETO        52.59       -3.85      22.  15.   0.004030   9.67  0.012
MAIDMETO        51.27        0.51      45.  15.   0.002660  10.48  0.012
MAN2IGE_        48.02        0.16     121.  15.   0.002950  11.98  0.012
MANHMETO        53.51       -2.24      78.  15.  -0.004150  10.93  0.012
MAR1METO        51.39        1.38      14.  15.   0.000300  11.60  0.012
MAULSGN_        41.51        9.02     154.  15.   0.002510  15.25  0.012
MAUPSGN1        48.52        0.54     263.  15.   0.000240  12.39  0.012
MDPMIGE_        42.94       -3.48     606.  15.   0.005490  14.07  0.012
MELNSGN1        48.54        2.67      84.  15.  -0.000180  11.91  0.012
MELRIGE_        39.69       -8.13     590.  15.   0.005020  12.52  0.012
MENCIGE_        40.00        3.83      18.  15.   0.001080  15.34  0.012
MERIIGE_        38.92       -6.35     235.  15.   0.004640  10.24  0.012
MERTIGE_        37.65       -7.66      79.  15.   0.006710  11.83  0.012
MERYSGN_        48.51        3.89      94.  15.  -0.001740  12.96  0.012
MESSIGE_        37.83       -8.24     204.  15.   0.009440  12.19  0.012
MGISSGN1        47.98        2.71     102.  15.  -0.000960  13.01  0.012
MIMZSGN_        44.20       -1.23      23.  15.   0.003060  15.47  0.012
MIRAIGE_        41.52       -7.19     276.  15.   0.004430  11.73  0.012
MLVLSGN_        48.84        2.59     116.  15.   0.003560  12.65  0.012
MOGAIGE_        41.34       -6.71     758.  15.   0.002690  10.54  0.012
MOGNSGN_        46.15        4.80     184.  15.   0.011460  14.08  0.012
MONBSGN1        47.62        4.34     257.  15.   0.002550  13.03  0.012
MPRVSGN_        46.17        0.53     160.  15.   0.002200  14.68  0.012
MSGTSGN_        42.88        1.63     497.  15.  -0.003800  15.22  0.012
MSMMSGN1        43.81        6.20     747.  15.   0.000290  14.63  0.012
MSRTSGN1        45.54        1.52     516.  15.   0.000550  11.77  0.012
MTDMSGN1        43.88       -0.48      85.  15.  -0.000130  14.45  0.012
MTMNSGN1        46.43        0.88     132.  15.   0.003470  15.36  0.012
MTPLSGN_        43.64        3.86      70.  15.   0.007040  13.15  0.012
MUEJBKG_        48.15       11.57     548.  60.   0.001510  13.65  0.012
MYRGIGE_        42.17       -5.26     789.  15.   0.001040  10.74  0.012
NARBSGN1        43.20        2.97      23.  15.   0.003430  14.39  0.012
NAVAIGE_        39.89       -5.55     297.  15.   0.007820  11.38  0.012
NEWLMETO        50.10       -5.54      14.  15.   0.005810  13.55  0.012
NEWRMETO        52.27        0.42      30.  15.  -0.000090  10.16  0.012
NIMESGN1        43.83        4.36      56.  15.   0.005400  12.45  0.012
NMCUSGN_        47.22       -1.60      68.  15.   0.003240  14.36  0.012
NVPTSGN1        46.68        0.27     129.  15.  -0.002910  13.64  0.012
OEHRBKG_        49.21        9.52     281.  60.   0.001280  11.06  0.012
OLMEIGE_        41.29       -4.68     775.  15.   0.005130  10.38  0.012
OSANSGN1        42.32        8.63     205.  15.   0.013220  14.85  0.012
OUT2SGN1        48.20        2.02     154.  15.   0.002840  11.50  0.012
OXFRMETO        51.82       -1.29      72.  15.  -0.000160  11.98  0.012
PADTMETO        50.54       -4.94      12.  15.   0.000340  13.13  0.012
PALEIGE_        42.01       -4.56     744.  15.   0.006930  12.78  0.012
PAYRSGN1        43.55        2.34     335.  15.   0.001750  12.95  0.012
PBILMETO        50.52       -2.46      58.  15.   0.003530  12.01  0.012
PCOUIGE_        41.91       -8.56     386.  15.   0.008380  13.16  0.012
PDBCIGE_        40.90       -5.20     914.  15.   0.003650  10.19  0.012
PEN2IGE_        40.17       -7.18     615.  15.   0.005630  10.94  0.012
PENAIGE_        41.59       -4.12     759.  15.   0.005000  11.64  0.012
PERPSGN1        42.69        2.88      46.  15.  -0.001040  14.37  0.012
PERSMETO        52.15       -2.04      33.  15.   0.002500  11.90  0.012
PETEMETO        52.58       -0.26      26.  15.  -0.002960  10.76  0.012
PEYRSGN_        43.63        0.22     246.  15.  -0.002000  12.86  0.012
PIAASGN1        42.24        8.63     494.  15.   0.007660  14.02  0.012
PIANSGN_        41.49        9.06     105.  15.   0.009120  14.67  0.012
PIMISGN_        42.94        0.14    2871.  15.   0.010620   9.36  0.012
PLCQSGN_        49.02        3.98     171.  15.   0.001470  13.63  0.012
PLEMSGN1        48.17       -2.60     148.  15.   0.003520  14.97  0.012
PMTHMETO        50.42       -4.13     123.  15.   0.003010  12.07  0.012
PNDBSGN_        48.30       -4.09     237.  15.   0.002430  13.28  0.012
POBUSGN_        46.38        4.16     372.  15.  -0.000470  12.83  0.012
PONFIGE_        42.55       -6.58     582.  15.   0.000100  13.37  0.012
POOLMETO        50.78       -1.91      21.  15.   0.002620  11.18  0.012
PORTIGE_        39.29       -7.43     491.  15.   0.004260  11.13  0.012
POTSSGN1        52.38       13.07     104.  15.   0.008440  10.16  0.012
PQRLSGN_        42.98        6.21      65.  15.   0.006890  14.42  0.012
PRAEMETO        50.20       -3.72      61.  15.   0.002330  12.08  0.012
PSBRIGE_        42.05       -6.64     934.  15.   0.004930  11.28  0.012
PTBBBKG_        52.30       10.46      87.  60.   0.006650  10.70  0.012
PTRCSGN1        47.27        0.31      42.  15.  -0.000660  14.41  0.012
QINTIGE_        41.99       -3.03    1138.  15.   0.004920  10.00  0.012
RAYLSGN_        43.16        6.49     289.  15.   0.004650  12.88  0.012
REINIGE_        43.00       -4.13     855.  15.   0.000380  12.87  0.012
REUSIGE_        41.17        1.17     124.  15.   0.004080  15.26  0.012
RIANIGE_        42.98       -5.01    1154.  15.   0.006920  12.12  0.012
RIAZIGE_        41.28       -3.48    1216.  15.   0.006200  10.73  0.012
RST2SGN1        43.94        5.48    1019.  15.   0.004120  11.86  0.012
RYONSGN_        46.69       -1.43      78.  15.   0.000850  14.80  0.012
SABLSGN1        46.53       -1.81       8.  15.   0.005570  14.88  0.012
SALAIGE_        40.95       -5.50     799.  15.   0.004030  12.51  0.012
SALDIGE_        42.52       -4.74     916.  15.   0.005510  11.86  0.012
SANOMETO        50.65       -1.21      45.  15.   0.002040  11.02  0.012
SARISGN_        41.86        9.40       8.  15.   0.004270  14.91  0.012
SARLSGN1        49.00        7.03     227.  15.  -0.002720  12.84  0.012
SARZSGN1        47.52       -2.77      35.  15.   0.003810  15.48  0.012
SAUNSGN_        47.58        0.93     123.  15.   0.000950  13.84  0.012
SBARIGE_        41.98        2.17     887.  15.   0.005270  14.69  0.012
SBLSSGN_        47.84       -0.33      50.  15.   0.003160  13.30  0.012
SCDASGN_        44.79        3.27    1062.  15.   0.000640  11.98  0.012
SCILMETO        49.91       -6.30      31.  15.   0.003280  14.12  0.012
SCLPSGN_        45.75        4.43     653.  15.   0.007160  13.54  0.012
SCOPSGN_        41.75        9.10     878.  15.   0.006970  12.24  0.012
SEESSGN_        48.59        0.17     204.  15.   0.002120  12.99  0.012
SENSSGN_        48.20        3.27      75.  15.   0.001870  12.94  0.012
SEURSGN_        46.99        5.15     197.  15.   0.001710  13.14  0.012
SGILSGN_        43.68        4.43      41.  15.   0.000500  13.42  0.012
SGVAIGE_        40.95       -4.12    1023.  15.   0.007150  10.57  0.012
SHOBMETO        52.24       -2.89     101.  15.   0.000540  10.02  0.012
SHOEMETO        51.55        0.83       4.  15.   0.002050  11.22  0.012
SHREMETO        52.72       -2.72      59.  15.  -0.001140  10.05  0.012
SINEIGE_        39.65        3.02     139.  15.   0.004120  14.77  0.012
SIRTSGN1        48.71        2.21     173.  15.   0.014470  12.01  0.012
SJPLSGN_        45.66        2.69     978.  15.   0.004190  10.84  0.012
SKEEMETO        53.14        0.35      13.  15.  -0.001520  11.95  0.012
SMANIGE_        38.46       -7.75     189.  15.   0.005270  11.08  0.012
SMNEIGE_        48.84        2.43      82.  15.   0.004070  11.47  0.012
SNEOMETO        52.19       -0.11      74.  15.  -0.000120  10.61  0.012
SONAIGE_        41.99        1.52     705.  15.   0.005580  14.15  0.012
SONSIGE_        39.68       -3.96     759.  15.   0.007480  11.37  0.012
SOPUIGE_        43.28       -3.15     119.  15.   0.004410  15.24  0.012
SOR2IGE_        42.37        1.13    1232.  15.   0.005160  14.14  0.012
SOTNMETO        50.94       -1.47      27.  15.   0.001460  11.27  0.012
SOUSSGN_        44.87        2.03     547.  15.   0.002500  12.01  0.012
STBXSGN_        44.26        4.20     168.  15.   0.006860  12.34  0.012
STEEMETO        51.90       -0.18     112.  15.   0.001020  10.40  0.012
STLOSGN_        49.12       -1.06      98.  15.   0.001610  13.62  0.012
STMRSGN_        43.45        4.42       6.  15.   0.005780  13.35  0.012
STPSSGN_        46.31        3.29     250.  15.  -0.001140  12.81  0.012
STRAMETO        51.54        0.01      35.  15.   0.003070  10.25  0.012
STROMETO        51.74       -2.30      24.  15.   0.000760  11.09  0.012
STV2SGN_        44.57        6.11     762.  15.   0.000150  11.57  0.012
STVDIGE_        42.07       -6.01     751.  15.   0.007050  11.71  0.012
STVNSGN_        47.50        3.03     251.  15.  -0.001730  13.75  0.012
SWASMETO        51.57       -3.98      37.  15.   0.002270  11.80  0.012
TABUIGE_        41.12       -7.57     547.  15.   0.006610  11.50  0.012
TAUTMETO        51.02       -3.08      30.  15.   0.002650   9.91  0.012
TEDDMETO        51.43       -0.34      24.  15.   0.000240  10.86  0.012
TERUIGE_        40.35       -1.12     904.  15.   0.006700  13.49  0.012
TLIASGN_        43.56        1.48     160.  15.  -0.000250  12.41  0.012
TLLGMETO        53.29       -6.36     108.  15.   0.004010  11.35  0.012
TLMFSGN_        43.57        1.38     172.  15.   0.001890  13.07  0.012
TOROIGE_        41.52       -5.39     752.  15.   0.001780  11.42  0.012
TORRIGE_        37.98       -0.68       7.  15.   0.012630  14.37  0.012
TRAMIGE_        39.82        2.89     557.  15.   0.001290  12.52  0.012
TRMOSGN_        44.29        2.72     759.  15.   0.002510  12.36  0.012
TRUJIGE_        39.48       -5.86     501.  15.   0.006720  10.08  0.012
UNMESGN_        43.32       -0.33     229.  15.  -0.000080  14.76  0.012
UTIEIGE_        39.57       -1.21     748.  15.   0.010360  13.52  0.012
VAALIGE_        39.41       -7.25     475.  15.   0.002280  11.72  0.012
VALEIGE_        39.48       -0.34      30.  15.   0.014350  14.04  0.012
VAUDSGN_        46.98        5.63     223.  15.   0.007410  14.50  0.012
VBLOIGE_        42.94       -6.33    1000.  15.   0.006400  13.75  0.012
VCIAIGE_        39.44       -0.34      12.  15.   0.012130  13.36  0.012
VDGOIGE_        42.52       -4.01     852.  15.   0.005890  12.49  0.012
VIGOMETO        42.18       -8.81      32.  15.   0.009460  14.00  0.012
VILRSGN_        45.07        5.55    1026.  15.   0.002140  12.16  0.012
VISNSGN_        44.32        4.95     195.  15.   0.001910  13.56  0.012
VITOIGE_        42.84       -2.67     549.  15.   0.004660  13.97  0.012
VLPLSGN_        48.83       -1.23     210.  15.  -0.001290  13.12  0.012
VNTESGN_        49.43        2.78      93.  15.   0.000530  13.54  0.012
VOURSGN_        45.66        4.78     275.  15.   0.001120  12.96  0.012
VTGDIGE_        41.01       -6.43     778.  15.   0.006650  11.33  0.012
VTROIGE_        42.17       -2.85    1573.  15.   0.003000  11.75  0.012
WAREBKG_        50.69        5.25     142.  60.   0.003970  11.99  0.012
WARSMETO        51.20       -2.18     129.  15.   0.002470  10.49  0.012
WATNMETO        53.01       -1.25     118.  15.  -0.001410   9.54  0.012
WATTMETO        52.12        0.96      94.  15.  -0.000180   9.04  0.012
WEIWMETO        51.10        0.01      70.  15.   0.001500  10.36  0.012
WELLMETO        52.31       -0.62      50.  15.  -0.000380   9.14  0.012
YEBEIGE_        40.52       -3.09     921.  15.   0.008880  10.65  0.012
ZFRAIGE_        38.43       -6.41     532.  15.   0.006660  12.28  0.012
ZIMMBKG_        46.88        7.47     908.  60.   0.007820  12.10  0.012
ZMRAIGE_        41.51       -5.74     685.  15.   0.007370  12.40  0.012
ZOUFBKG_        46.56       12.97    1898.  60.  -0.003610  11.84  0.012
0001GFZ_        52.41       12.57      46.  15.   0.009560  10.25  0.012
0003GFZ_        52.17       13.48      72.  15.   0.011680  10.25  0.012
0007GFZ_        52.95       12.39      61.  15.   0.009810  10.66  0.012
0008GFZ_        52.75       13.24      47.  15.   0.010310  10.35  0.012
0012GFZ_        51.94       13.90      73.  15.   0.012260  10.45  0.012
0013GFZ_        51.69       13.24      98.  15.   0.011290  11.69  0.012
0014GFZ_        51.74       14.33      98.  15.   0.009660  11.67  0.012
0015GFZ_        53.16       12.50      89.  15.   0.009700  10.10  0.012
0016GFZ_        53.00       13.15      72.  15.   0.012630   9.85  0.012
0017GFZ_        53.07       14.26      24.  15.   0.009750  11.46  0.012
0018GFZ_        52.81       12.77      55.  15.   0.010090   9.79  0.012
0019GFZ_        52.26       13.94      53.  15.   0.011280  10.63  0.012
0020GFZ_        52.08       13.16      76.  15.   0.011270  10.83  0.012
0021GFZ_        51.63       13.70     125.  15.   0.010520  10.25  0.012
0022GFZ_        52.36       14.54      70.  15.   0.010320  11.99  0.012
0023GFZ_        52.14       12.58     110.  15.   0.012040  10.41  0.012
0024GFZ_        52.83       13.82      29.  15.   0.009120  10.96  0.012
0025GFZ_        53.07       11.87      59.  15.   0.010360  10.19  0.012
0139GFZ_        51.35       14.97     178.  15.   0.006030  12.50  0.012
0140GFZ_        51.07       13.03     214.  15.   0.006810  11.32  0.012
0143GFZ_        50.73       12.52     353.  15.   0.007390  11.02  0.012
0144GFZ_        50.45       12.74     885.  15.   0.008550  10.10  0.012
0147GFZ_        50.90       14.66     337.  15.   0.006970  12.68  0.012
0151GFZ_        51.29       13.13     169.  15.   0.007830  10.63  0.012
0196GFZ_        50.95       10.70     335.  15.   0.009510  10.46  0.012
0198GFZ_        50.59       10.42     361.  15.   0.009530  11.34  0.012
0200GFZ_        51.37       10.85     225.  15.   0.012340  11.66  0.012
0204GFZ_        50.98       12.43     241.  15.   0.006740  11.49  0.012
0209GFZ_        51.01       11.03     203.  15.   0.007450  10.80  0.012
0211GFZ_        50.58       11.81     455.  15.   0.019740  12.91  0.012
0212GFZ_        50.43       10.73     404.  15.   0.007640  12.39  0.012
0213GFZ_        50.88       11.60     184.  15.   0.006560  12.67  0.012
0214GFZ_        51.20       10.46     237.  15.   0.018600  10.97  0.012
0215GFZ_        50.36       11.18     418.  15.   0.009500  12.29  0.012
0216GFZ_        50.81       10.23     268.  15.   0.007170  10.98  0.012
0217GFZ_        50.68       10.94     502.  15.   0.007400  11.96  0.012
0218GFZ_        51.42       10.36     347.  15.   0.008020  10.80  0.012
0219GFZ_        50.65       11.36     265.  15.   0.007860  13.97  0.012
0220GFZ_        50.88       12.08     225.  15.   0.007420  12.37  0.012
0257GFZ_        48.87       12.57     344.  15.   0.006540  11.66  0.012
0258GFZ_        48.53       11.51     448.  15.   0.011120  13.31  0.012
0259GFZ_        48.37       10.89     510.  15.   0.012600  12.03  0.012
0264GFZ_        48.20       12.35     459.  15.   0.008080  15.44  0.012
0265GFZ_        48.43       12.93     386.  15.   0.010520  15.97  0.012
0266GFZ_        48.54       12.16     402.  15.   0.009930  13.62  0.012
0267GFZ_        49.89       10.89     257.  15.   0.008360  11.89  0.012
0268GFZ_        49.74       10.16     211.  15.   0.008930  11.37  0.012
0269GFZ_        47.60       10.42     907.  15.   0.010000  13.51  0.012
0270GFZ_        47.76       11.57     695.  15.   0.012690  14.81  0.012
0273GFZ_        48.04       10.49     625.  15.   0.008720  13.88  0.012
0274GFZ_        48.45       10.28     491.  15.   0.008640  12.22  0.012
0275GFZ_        49.31       10.59     459.  15.   0.006770  12.07  0.012
0276GFZ_        48.84       10.50     467.  15.   0.011440  12.85  0.012
0277GFZ_        48.91       11.20     585.  15.   0.010120  11.33  0.012
0278GFZ_        48.94       11.86     477.  15.   0.010930  11.51  0.012
0279GFZ_        49.28       11.45     434.  15.   0.007820  11.49  0.012
0280GFZ_        49.33       12.11     378.  15.   0.007250  12.55  0.012
0281GFZ_        49.51       12.55     682.  15.   0.011620  11.11  0.012
0282GFZ_        49.69       11.63     445.  15.   0.008550  11.00  0.012
0283GFZ_        49.95       12.24     532.  15.   0.007960  11.96  0.012
0284GFZ_        50.10       11.44     327.  15.   0.008160  11.45  0.012
0285GFZ_        47.51       11.14    1780.  15.   0.005420  12.89  0.012
0286GFZ_        48.94       13.56     933.  15.   0.013700  11.73  0.012
0287GFZ_        49.95        9.13     125.  15.   0.008030  12.40  0.012
0288GFZ_        49.99        9.57     176.  15.   0.009200  12.24  0.012
0289GFZ_        50.05       10.24     235.  15.   0.008070  11.44  0.012
0293GFZ_        49.26       12.97     505.  15.   0.012790  13.49  0.012
0294GFZ_        47.63       13.00     622.  15.   0.014480  15.50  0.012
0400GFZ_        48.52        9.08     334.  15.   0.009120  12.03  0.012
0448GFZ_        50.09        8.23     194.  15.   0.010870  12.07  0.012
0453GFZ_        50.82        8.77     202.  15.   0.010000  11.51  0.012
0456GFZ_        50.86        9.71     218.  15.   0.011220  11.20  0.012
0457GFZ_        51.18       10.05     230.  15.   0.010320  11.06  0.012
0459GFZ_        50.50        9.12     288.  15.   0.009850  12.43  0.012
0461GFZ_        50.55        9.65     308.  15.   0.011090  10.82  0.012
0463GFZ_        50.25        9.29     166.  15.   0.011480  12.29  0.012
0512GFZ_        50.36        7.57     136.  15.   0.011540  12.45  0.012
0515GFZ_        50.78        7.74     173.  15.   0.012230  11.59  0.012
0519GFZ_        50.20        6.82     463.  15.   0.011030  13.69  0.012
0522GFZ_        49.20        7.60     399.  15.   0.011200  13.11  0.012
0645GFZ_        53.23        7.44      25.  15.   0.006180  11.54  0.012
0647GFZ_        53.34        7.03      17.  15.   0.006340  10.44  0.012
0652GFZ_        51.99        9.80     106.  15.   0.006650  11.75  0.012
0655GFZ_        53.11        9.40      42.  15.   0.009740  12.03  0.012
0656GFZ_        53.14        8.20      29.  15.   0.007100  10.71  0.012
0657GFZ_        52.11        9.35      97.  15.   0.006760  11.18  0.012
0658GFZ_        52.44        7.08      38.  15.   0.005230  13.01  0.012
0659GFZ_        52.85        8.04      57.  15.   0.007020  10.49  0.012
0660GFZ_        53.25       10.41      34.  15.   0.007680  11.90  0.012
0661GFZ_        52.99        9.85      77.  15.   0.008930  12.00  0.012
0663GFZ_        52.15        9.91     175.  15.   0.011680  11.90  0.012
0665GFZ_        52.68        9.62      43.  15.   0.008630  11.92  0.012
0666GFZ_        52.64        9.21      45.  15.   0.008820  11.72  0.012
0668GFZ_        52.52        8.20      78.  15.   0.008630   9.97  0.012
0669GFZ_        52.99        7.63      30.  15.   0.007800  10.74  0.012
0671GFZ_        53.39        9.00      29.  15.   0.010240  12.20  0.012
0672GFZ_        52.23       11.00     155.  15.   0.006860  10.44  0.012
0675GFZ_        52.90        8.44      33.  15.   0.007720  10.29  0.012
0676GFZ_        52.63       10.08      65.  15.   0.008050  11.91  0.012
0677GFZ_        52.91        9.24      51.  15.   0.006900  14.99  0.012
0678GFZ_        52.73       10.61      94.  15.   0.007650  11.20  0.012
0679GFZ_        53.10       11.10      27.  15.   0.008520  12.09  0.012
0680GFZ_        53.33        9.87     113.  15.   0.009530  11.37  0.012
0681GFZ_        51.75        9.39     113.  15.   0.007400  10.58  0.012
0683GFZ_        52.72        7.32      47.  15.   0.007170  11.18  0.012
0684GFZ_        52.52        7.68      59.  15.   0.007610  11.59  0.012
0686GFZ_        52.31       10.55      97.  15.   0.006240  10.82  0.012
0688GFZ_        52.41        9.80      81.  15.   0.007180  11.71  0.012
0896GFZ_        52.49       13.31      68.  15.   0.011200  10.42  0.012
0897GFZ_        52.59       13.32      78.  15.   0.009450  10.32  0.012
0898GFZ_        52.41       13.60      65.  15.   0.009790  10.50  0.012
0928GFZ_        49.32        7.34     260.  15.   0.009720  11.82  0.012
0929GFZ_        49.44        6.64     196.  15.   0.012050  11.92  0.012
0930GFZ_        49.22        7.01     236.  15.   0.010060  11.98  0.012
0932GFZ_        49.47        7.18     302.  15.   0.010740  12.52  0.012
0934GFZ_        49.54        6.89     306.  15.   0.011310  11.63  0.012
1384GFZ_        48.78        9.17     292.  15.   0.007430  12.24  0.012
1386GFZ_        49.14        9.22     186.  15.   0.008220  11.29  0.012
1387GFZ_        49.39        8.68     120.  15.   0.007430  11.74  0.012
1388GFZ_        48.83        8.11     136.  15.   0.006350  11.75  0.012
1389GFZ_        49.11        9.72     385.  15.   0.009370  10.79  0.012
1391GFZ_        48.59        9.80     688.  15.   0.009110  10.30  0.012
1392GFZ_        49.62        9.67     199.  15.   0.010590   9.55  0.012
1395GFZ_        47.79        9.62     456.  15.   0.009510  11.53  0.012
1396GFZ_        48.10        9.79     552.  15.   0.009280  10.09  0.012
1397GFZ_        48.08        9.22     597.  15.   0.007500  12.32  0.012
1398GFZ_        48.46        8.42     735.  15.   0.010430  10.95  0.012
2576GFZ_        50.68        7.16      81.  15.   0.009430  12.38  0.012
2577GFZ_        51.20        6.79      81.  15.   0.010660  10.81  0.012
2578GFZ_        51.66        6.61      54.  15.   0.009880  11.15  0.012
2579GFZ_        51.26        6.39      60.  15.   0.007780  11.77  0.012
2582GFZ_        51.46        7.02     172.  15.   0.013090  10.78  0.012
2585GFZ_        51.38        7.49     219.  15.   0.009770  10.41  0.012
2587GFZ_        51.96        7.63     105.  15.   0.010330  12.05  0.012
2588GFZ_        51.40        8.07     254.  15.   0.009640  10.94  0.012
2590GFZ_        52.05        6.77      49.  15.   0.009040  10.96  0.012
2591GFZ_        50.77        6.09     217.  15.   0.010820  12.67  0.012
2592GFZ_        50.64        6.63     243.  15.   0.008930  13.46  0.012
2593GFZ_        52.28        8.91      77.  15.   0.011220  10.34  0.012
2594GFZ_        51.03        7.57     292.  15.   0.009780  10.92  0.012
2596GFZ_        51.20        8.52     691.  15.   0.010770  10.29  0.012
2597GFZ_        51.61        8.89     302.  15.   0.012760  10.73  0.012
2598GFZ_        52.02        8.53     137.  15.   0.010040  10.21  0.012
2600GFZ_        51.66        8.33      98.  15.   0.007560   9.85  0.012
2601GFZ_        51.74        7.18      61.  15.   0.009980  12.85  0.012
2602GFZ_        51.93        8.88     172.  15.   0.010070   9.83  0.012
2603GFZ_        51.17        7.97     324.  15.   0.009960  11.12  0.012
2604GFZ_        51.02        5.94      61.  15.   0.009200  12.09  0.012
2615GFZ_        51.05        6.56      66.  15.   0.008740  11.07  0.012
2616GFZ_        51.68        7.81      83.  15.   0.010140  10.96  0.012
2622GFZ_        50.90        8.03     325.  15.   0.009970  11.61  0.012
2623GFZ_        51.77        6.14      61.  15.   0.009600  11.21  0.012
2624GFZ_        50.87        7.06      67.  15.   0.010150  12.07  0.012
3599GFZ_        52.28        7.44      67.  15.   0.008510  12.75  0.012
APELGFZ_        52.21        5.96      73.  15.   0.005770  11.11  0.012
AURIGFZ_        53.47        7.48      26.  15.  -0.001520  12.35  0.012
BEN2GFZ_        51.68       10.72     563.  15.   0.014330  10.47  0.012
BITTGFZ_        51.63       12.32      94.  15.   0.007720  11.67  0.012
CLAUGFZ_        51.80       10.35     606.  15.  -0.001940  10.52  0.012
DARMGFZ_        49.87        8.66     176.  15.   0.006650  12.24  0.012
DRESGFZ_        51.03       13.73     159.  15.   0.007240  10.50  0.012
GENTGFZ_        52.41       12.17      51.  15.   0.005370  11.09  0.012
GOE3GFZ_        51.16       14.95     241.  15.   0.009330  12.40  0.012
HLB2GFZ_        51.88       11.06     135.  15.   0.011770  11.89  0.012
HVL3GFZ_        52.82       12.07      40.  15.   0.008080  11.94  0.012
IMKAGFZ_        49.09        8.44     134.  15.   0.008580  14.04  0.012
KLOPGFZ_        50.22        8.73     175.  15.   0.011080  11.01  0.012
KLTZGFZ_        52.63       11.18      84.  15.   0.011770  11.51  0.012
LOEHGFZ_        51.06        8.98     511.  15.   0.009020  11.58  0.012
LUW2GFZ_        51.86       12.69      91.  15.   0.010350  10.51  0.012
OSNAGFZ_        52.25        8.05     106.  15.  -0.003060  11.04  0.012
RENNGFZ_        48.11       -1.67      43.  15.  -0.000820  12.44  0.012
SAN2GFZ_        51.47       11.29     164.  15.   0.012100  11.41  0.012
SEEHGFZ_        52.89       11.75      38.  15.   0.007060   9.51  0.012
STAFGFZ_        51.85       11.58      79.  15.   0.006760  10.95  0.012
STENGFZ_        52.60       11.84      62.  15.   0.014280  10.05  0.012
UNPGGFZ_        43.12       12.36     304.  15.   0.008270  13.41  0.012
ZUGSGFZ_        47.42       10.99    2963.  15.   0.003840   9.88  0.012
ALK2KNM4        52.65        4.74      11.  15.  -0.001100  13.82  0.012
ARNHKNM3        51.95        5.87      33.  15.   0.001580  14.73  0.012
ASS2KNM4        52.98        6.56      28.  15.   0.000340  14.56  0.012
EBRGKNM3        52.07        6.66      31.  15.   0.004470  12.82  0.012
EHVNKNM3        51.43        5.47      41.  15.   0.003480  12.70  0.012
HOOGKNM3        52.75        6.57      17.  15.   0.002600  13.01  0.012
LELYKNM3        52.50        5.42       9.  15.   0.001780  14.70  0.012
LITHKNM3        51.81        5.45      19.  15.   0.001020  13.59  0.012
LWRDKNM4        53.20        5.79      32.  15.   0.000020  13.35  0.012
MSTRKNM4        50.84        5.70      69.  15.   0.000620  14.94  0.012
OLDEKNM4        52.31        6.89      40.  15.   0.001510  14.06  0.012
RDAMKNM4        51.95        4.56      39.  15.  -0.001420  15.60  0.012
SASGKNM3        51.23        3.81      25.  15.   0.000390  15.65  0.012
STAVKNM3        52.90        5.38       1.  15.   0.003950  15.28  0.012
TAPLKNM3        52.88        7.10      21.  15.   0.002600  11.80  0.012
AIGELPT_        46.25        6.13     424.  60.   0.004950  13.91  0.012
AND2LPT_        46.65        8.61    2335.  60.   0.005520   8.58  0.012
ARD2LPT_        46.78       10.20    1497.  60.  -0.000950  12.69  0.012
AUTNLPT_        46.95        4.29     305.  60.   0.003060  14.03  0.012
AXPVLPT_        43.49        5.33     180.  60.   0.008070  12.82  0.012
BCKLLPT_        47.52        8.83     591.  60.   0.006020  11.25  0.012
BOURLPT_        47.39        7.23     891.  60.   0.007620  10.99  0.012
BRSTLPT_        48.38       -4.50      16.  60.   0.008050  12.32  0.012
BSCNLPT_        47.25        5.99     311.  60.   0.005880  12.85  0.012
BZBGLPT_        47.50        8.17     547.  60.   0.004900  10.36  0.012
CABWLPT_        51.97        4.93       3.  60.   0.000410  10.26  0.012
CDOMGOP1        49.45       12.92     472.  60.   0.004110  13.16  0.012
CERNLPT_        46.26        6.06     476.  60.   0.003320  13.07  0.012
CKVAGOP1        50.23       12.84     400.  60.   0.004040   9.91  0.012
CLITGOP1        50.54       14.14     199.  60.   0.002480  10.14  0.012
COMOLPT_        45.80        9.10     247.  60.  -0.001530  13.80  0.012
CPRAGOP1        49.01       14.00     599.  60.   0.003900  11.15  0.012
CPRIGOP1        49.69       14.00     537.  60.   0.004160  11.36  0.012
CRAKGOP1        50.10       13.73     336.  60.   0.003030  10.73  0.012
DAVOLPT_        46.81        9.84    1597.  60.  -0.002760  13.28  0.012
ENTZLPT_        48.55        7.64     156.  60.   0.003720  12.18  0.012
EPFLLPT_        46.52        6.57     409.  60.   0.006710  12.00  0.012
ERDELPT_        46.23        7.29     731.  60.   0.004920  13.92  0.012
ETHZLPT_        47.41        8.51     548.  60.   0.004250  11.46  0.012
FALELPT_        46.80        9.23    1296.  60.  -0.002130  10.73  0.012
FHBBLPT_        47.53        7.64     329.  60.   0.008320  10.99  0.012
FLDKLPT_        47.23        9.58     524.  60.  -0.000250  14.10  0.012
FREILPT_        48.01        7.83     271.  60.   0.005360  12.40  0.012
FRI3LPT_        47.53        8.11     679.  60.   0.009880  10.32  0.012
GENOLPT_        44.42        8.92     111.  60.   0.005910  13.92  0.012
GUIPLPT_        48.44       -4.41     103.  60.   0.002790  11.96  0.012
HABGLPT_        46.75        8.18    1098.  60.   0.002820  12.81  0.012
HCHSLPT_        47.71        8.20     841.  60.   0.007140  11.06  0.012
HGGLLPT_        47.39        8.26     523.  60.   0.006640  12.51  0.012
HOHTLPT_        46.32        7.76     934.  60.   0.004320  12.02  0.012
HUTTLPT_        47.14        7.83     731.  60.   0.007510  12.70  0.012
JUJOLPT_        46.55        7.98    3584.  60.   0.005210   8.46  0.012
KALTLPT_        47.22        9.01     430.  60.   0.004190  12.26  0.012
KOPSLPT_        46.97       10.12    1858.  60.   0.004430  11.38  0.012
KRBGLPT_        47.15       10.63    2209.  60.  -0.002690  10.11  0.012
KREULPT_        47.64        9.16     483.  60.   0.008990  12.51  0.012
LECHLPT_        47.22       10.14    1775.  60.   0.000830  12.42  0.012
LFNBLPT_        47.59        8.06     508.  60.   0.007030  10.36  0.012
LINDLPT_        47.56        9.71     427.  60.   0.005330  13.24  0.012
LOMOLPT_        46.17        8.79     389.  60.  -0.003030  13.92  0.012
LUZELPT_        47.07        8.30     494.  60.   0.008880  13.62  0.012
MABZLPT_        46.69       10.55    1042.  60.   0.000350  11.57  0.012
MAR2LPT_        46.12        7.07     593.  60.   0.005850  12.32  0.012
MARGLPT_        46.08        6.51     474.  60.   0.003480  11.91  0.012
MARSLPT_        43.28        5.35      13.  60.   0.004470  12.78  0.012
MDORLPT_        45.80        4.81     281.  60.   0.011490  12.27  0.012
MEDILPT_        44.52       11.65      10.  60.  -0.002770  14.89  0.012
MRGTLPT_        47.27        7.87     510.  60.   0.007560  10.02  0.012
MTTILPT_        47.37        7.17     521.  60.   0.006560  12.65  0.012
NEUCLPT_        46.99        6.94     455.  60.   0.010510  13.32  0.012
PAYELPT_        46.81        6.94     499.  60.   0.009160  12.38  0.012
PFA2LPT_        47.52        9.78    1044.  60.   0.005610  14.26  0.012
PLZEGOP1        49.73       13.35     379.  60.  -0.001350  11.32  0.012
POUSGOP1        50.14       12.30     525.  60.   0.004510  10.28  0.012
PRAGGOP1        50.12       14.46     250.  60.   0.004900  11.60  0.012
PRNYLPT_        46.90        6.34     833.  60.   0.004900  11.64  0.012
PUYVLPT_        45.04        3.88     657.  60.   0.011570  12.51  0.012
SAANLPT_        46.52        7.30    1370.  60.   0.008790  12.19  0.012
SAMELPT_        46.53        9.88    1710.  60.  -0.000970  11.31  0.012
SANBLPT_        46.46        9.18    1653.  60.   0.006100  11.09  0.012
SAR2LPT_        46.98        9.51    1218.  60.   0.001650  12.75  0.012
SBG2LPT_        47.80       13.11    1278.  60.   0.012330  14.10  0.012
SCHALPT_        47.74        8.66     590.  60.   0.005290  10.26  0.012
SLTBLPT_        47.46        7.71     487.  60.   0.007230  11.01  0.012
STA2LPT_        45.86        8.94     371.  60.   0.000110  13.36  0.012
STCXLPT_        46.82        6.50    1105.  60.   0.005920  11.75  0.012
STDLLPT_        47.54        8.50     463.  60.   0.005180  10.39  0.012
STGALPT_        47.44        9.35     707.  60.   0.005130  12.93  0.012
TRLKLPT_        47.64        8.70     491.  60.   0.005330  10.92  0.012
VACOGOP1        49.13       13.72     752.  60.   0.005200  11.80  0.012
VARELPT_        46.31        7.60     652.  60.   0.005200  13.14  0.012
VISWLPT_        48.07        8.53     742.  60.   0.002950  10.68  0.012
WEHOLPT_        46.38        7.47    2916.  60.   0.001200   9.50  0.012
WLCHLPT_        47.67        8.48     513.  60.   0.006450   9.92  0.012
ZERMLPT_        46.00        7.73    1879.  60.   0.004880  12.69  0.012
CARQSGN_        47.30       -1.51      40.  15.   0.002960  14.48  0.012
GARIIGE_        44.68       12.25       7.  15.   0.000920  13.78  0.012
MARJGOP1        50.36       12.89     859.  60.   0.004810  10.44  0.012
SROMIGE_        42.23       -2.46    1098.  15.   0.005470  12.20  0.012
AVISIGE_        39.06       -7.89     215.  15.   0.005720  10.60  0.012
BRGNIGE_        41.81       -6.76     733.  15.   0.002420  11.91  0.012
BZRGASI_        46.50       11.34     280.  15.  -0.000600  11.88  0.012
CT29SGN1        49.42        1.30     198.  15.   0.002850  13.07  0.012
CT3HSGN1        49.40        1.88     259.  15.   0.002980  12.18  0.012
CT43SGN1        48.70        1.03     210.  15.   0.003140  12.48  0.012
CT5BSGN1        48.90        2.98     177.  15.  -0.002630  12.93  0.012
CT5ESGN1        48.84        2.76     159.  15.   0.005320  11.49  0.012
CTHYSGN1        48.57        1.23     226.  15.   0.002820  11.60  0.012
CTZ1SGN1        48.27        1.62     205.  15.   0.003560  11.38  0.012
FAJAIGE_        40.15       -7.92     733.  15.   0.005000  11.43  0.012
GIE1SGN1        47.61        2.78     166.  15.   0.003940  12.77  0.012
HERRIGE_        39.18       -5.05     424.  15.   0.007890  10.57  0.012
IVRYSGN_        49.23        2.03      93.  15.   0.003760  12.67  0.012
PAIAIGE_        39.54       -8.45     106.  15.   0.006160  14.95  0.012
PALISGN1        43.38        4.81      10.  15.   0.005910  13.81  0.012
PANASGN1        48.85        2.39      76.  15.   0.001490  12.34  0.012
PZNAIGE_        43.45        3.41      30.  15.   0.001830  14.65  0.012
THNVSGN_        49.36        6.17     165.  15.  -0.003460  12.36  0.012
VSOLSGN_        47.69        6.07     274.  15.   0.005030  12.68  0.012
0010GFZ_        52.58       13.88      94.  15.   0.012930  13.28  0.012
0514GFZ_        49.98        7.53     371.  15.   0.010090  11.37  0.012
0524GFZ_        49.76        6.65     157.  15.   0.010950  12.32  0.012
0525GFZ_        49.92        7.07     136.  15.   0.013030  11.69  0.012
0526GFZ_        50.21        6.43     451.  15.   0.012310  12.25  0.012
0527GFZ_        49.65        7.17     393.  15.   0.010020  10.67  0.012
BLFTLPT_        47.63        6.86     367.  60.   0.003600  11.19  0.012
CT3JSGN1        49.65        0.36     161.  15.   0.007570  15.59  0.012
CT5ASGN1        48.74        2.77     136.  15.   0.002910  11.71  0.012
SMLESGN1        46.41       -0.22     122.  15.   0.005280  14.19  0.012
YPORSGN_        49.74        0.32      89.  15.   0.003820  13.83  0.012
SMSPGFZ_        49.12        4.58     153.  15.   0.006420  12.72  0.012
CT55SGN_        48.97        2.75     131.  15.  -0.000330  11.81  0.012
STMASGN1        46.82        1.66     158.  15.   0.001680  13.52  0.012
THORSGN1        46.29       -0.25     114.  15.   0.005440  12.42  0.012
TREMSGN1        47.12       -0.79     118.  15.   0.005760  11.44  0.012
TRYSSGN1        48.29        4.01     122.  15.   0.003560  12.31  0.012
UNTRSGN1        42.56       12.67     170.  15.  -0.007880  14.82  0.012
VDOMSGN1        47.80        1.06      88.  15.   0.003100  11.62  0.012
ZARASGN1        41.63       -0.88     246.  15.   0.008770  13.24  0.012
WEYBMETO        52.94        1.13      29.  15.   0.000180  11.57  0.012
COBAIGE_        37.92       -4.72     151.  15.   0.011910  12.17  0.012
TUDASGN_        42.60        9.36     408.  15.   0.008800  15.39  0.012
MODASGN_        45.21        6.71    1129.  15.  -0.005660  12.48  0.012
DRUSSGN_        48.77        7.95     136.  15.  -0.005910  14.90  0.012
DELFGOP1        51.99        4.39      31.  60.   0.002130  10.89  0.012
HEAUSGN_        49.58       -1.78     140.  15.   0.006150  13.38  0.012
ALSAIGE_        42.89       -2.16     534.  15.   0.003600  15.37  0.012
ARIBIGE_        42.94       -1.26     986.  15.   0.002540  13.73  0.012
CARCIGE_        42.38       -1.44     370.  15.   0.001190  12.89  0.012
ESTEIGE_        42.65       -2.02     473.  15.   0.001600  14.08  0.012
LOSAIGE_        42.57       -2.20     459.  15.   0.001730  14.10  0.012
RONCIGE_        42.81       -0.95     709.  15.   0.003320  13.33  0.012
SANAIGE_        42.34       -1.94     311.  15.   0.000360  14.23  0.012
SANGIGE_        42.58       -1.29     409.  15.   0.001730  14.97  0.012
TAFAIGE_        42.52       -1.68     424.  15.   0.003050  14.28  0.012
TUDEIGE_        42.05       -1.60     292.  15.   0.000760  13.61  0.012
CT16SGN1        48.37        0.76     162.  15.   0.002180  12.80  0.012
0513GFZ_        50.33        7.24     288.  15.   0.010090  14.35  0.012
0520GFZ_        49.47        8.45     110.  15.   0.007160  13.00  0.012
0521GFZ_        49.20        8.11     159.  15.   0.006790  13.11  0.012
0523GFZ_        49.44        7.77     259.  15.   0.007060  14.03  0.012
0529GFZ_        49.75        8.12     186.  15.   0.009700  14.62  0.012
0931GFZ_        49.31        6.75     197.  15.   0.011790  13.30  0.012
ACORSGN_        43.36       -8.40      12.  15.   0.008700  13.49  0.012
PMTGMETO        50.80       -1.11      10.  15.  -0.002180  12.08  0.012
KOSGROB_        52.18        5.81      54.  15.   0.000870  13.23  0.012
BVOIROBH          50.37          2.24       145.0   15.   0.003014  7.9       0.032
DELFROBH          51.99          4.39       31.0    15.   0.002730  7.23      0.034
MELNROBH          48.54          2.67       84.0    15.   0.004782  7.31      0.033
REDUROBH          50.00          5.14       323.0   15.   0.007756  7.01      0.031
DOCOROBH          49.14          5.93       249.0   15.   0.001588  6.7       0.029
STJ9ROBH          48.62          7.68       189.0   15.   0.008168  9.18      0.029
KOS1ROBH          52.17          5.82       61.0    15.   0.004217  6.56      0.034
CT3EROBH          49.64          1.01       185.0   15.   0.004776  8.55      0.030
CT52ROBH          49.05          2.53       120.0   15.   0.007172  7.8       0.032
DLF1ROBH          51.99          4.39       32.0    15.   0.003346  7.21      0.034
SARLROBH          49.00          7.03       227.0   15.   0.000793  8.3       0.030
WSRAROBH          52.91          6.60       41.0    15.   0.000758  6.59      0.033
ERCKROBH          48.87          7.36       247.0   15.   0.004329  9.26      0.030
DRUSROBH          48.77          7.95       136.0   15.  -0.001022  7.57      0.028
CT43ROBH          48.70          1.03       210.0   15.   0.004130  13.81     0.045
CT91ROBH          48.66          3.43       170.0   15.   0.005067  9.84      0.029
CT71ROBH          48.56          2.22       105.0   15.   0.005080  6.1       0.035
CT3LROBH          49.75          1.60       261.0   15.   0.004114  7.5       0.031
CT15ROBH          48.45          1.23       216.0   15.   0.005164  10.42     0.026
CT5BROBH          48.90          2.98       176.0   15.   0.014348  3.49      0.007
CT36ROBH          49.10          2.14       141.0   15.   0.003587  8.57      0.031
CT58ROBH          49.15          3.04       147.0   15.   0.005744  2.85      0.010
DOULROBH          50.16          2.35       67.0    15.   0.006079  8.16      0.032
CT44ROBH          48.82          1.06       190.0   15.   0.005608  6.92      0.051
MTBTROBH          48.49          4.56       180.0   15.   0.002384  7.77      0.032
CAB2ROBH          51.97          4.93       2.0     15.   0.001460  6.96      0.037
CT13ROBH          48.57          1.67       194.0   15.   0.005580  8.99      0.028
CT38ROBH          49.07          1.22       159.0   15.   0.005081  10.77     0.028
CT20ROBH          49.09          1.35       168.0   15.   0.006434  8.98      0.032
COAUROBH          49.64          3.52       82.0    15.   0.006263  7.63      0.030
CT42ROBH          48.91          1.27       189.0   15.   0.005143  4.36      0.036
EOSTROBH          48.58          7.76       165.0   15.  -0.000283  8.22      0.038
MLVLROBH          48.84          2.59       116.0   15.   0.007282  7.3       0.033
EUSKROBH          50.67          6.76       198.0   15.   0.005246  7.42      0.033
CT3KROBH          49.69          1.37       263.0   15.   0.003961  7.15      0.031
CT11ROBH          48.77          1.52       184.0   15.   0.005883  9.23      0.026
BRETROBH          48.61          2.31       95.0    15.   0.007623  7.25      0.033
BRETROBH          48.61          2.31       96.0    15.   0.007623  7.25      0.033
CT53ROBH          48.64          2.82       145.0   15.   0.005374  4.97      0.060
DHUIROBH          48.40          2.18       160.0   15.   0.005331  7.4       0.032
CT57ROBH          48.48          2.56       110.0   15.   0.011724  5.75      0.061
CT51ROBH          48.56          3.01       163.0   15.   0.003957  3.47      0.021
SMNEROBH          48.84          2.43       82.0    15.   0.005890  7.7       0.033
VLISROBH          51.44          3.60       10.0    15.   0.002107  7.76      0.033
TGRIROBH          48.84          1.95       147.0   15.   0.001682  8.5       0.032
LMCUROBH          50.64          3.08       67.0    15.   0.005129  7.76      0.032
CT10ROBH          48.80          1.81       111.0   15.   0.005100  9.58      0.027
CAUDROBH          50.12          3.40       123.0   15.   0.004788  8.54      0.030
CT26ROBH          49.15          1.54       183.0   15.   0.005518  9.19      0.028
BOVEROBH          49.43          2.12       92.0    15.   0.002414  9.27      0.032
ETOIROBH          48.57          7.75       185.0   15.  -0.000887  9.45      0.029
CEVYROBH          49.29          5.29       199.0   15.   0.004944  6.02      0.031
CT3MROBH          49.84          1.91       212.0   15.   0.004106  8.11      0.025
ATHIROBH          49.58          3.67       80.0    15.   0.005920  7.02      0.031
CT22ROBH          49.30          1.35       186.0   15.   0.004219  9.45      0.032
DIEPROBH          52.59          8.34       39.0    15.   0.001602  6.69      0.033
CT3NROBH          49.66          1.83       226.0   15.   0.005350  7.12      0.040
CT5EROBH          48.84          2.76       159.0   15.   0.007338  7.61      0.029
WAREROBH          50.69          5.25       142.0   15.   0.005257  6.68      0.034
CT1CROBH          48.54          1.12       244.0   15.   0.007520  9.74      0.040
LIL2ROBH          50.61          3.14       51.0    15.   0.008070  8.13      0.033
CT29ROBH          49.42          1.30       198.0   15.   0.003258  10.48     0.027
CT41ROBH          48.59          1.28       222.0   15.   0.004119  9.15      0.036
BEAVROBH          49.45          2.10       102.0   15.   0.004459  8.85      0.031
WSRTROBH          52.91          6.60       41.0    15.   0.000292  6.53      0.033
CHE2ROBH          48.67          2.88       123.0   15.   0.007212  7.55      0.034
DENTROBH          50.93          3.40       20.0    15.   0.003082  7.95      0.033
MOMOROBH          49.60          1.47       169.0   15.   0.004302  8.56      0.032
ENTZROBH          48.55          7.64       156.0   15.   0.003947  9.09      0.030
EIJSROBH          50.76          5.68       58.0    15.   0.006154  6.91      0.033
CT3DROBH          49.56          1.28       197.0   15.   0.003371  8.15      0.028
CONNROBH          48.73          3.92       111.0   15.   0.003578  7.71      0.033
CTX1ROBH          49.07          2.34       153.0   15.   0.013735  4.29      0.047
CT54ROBH          48.70          2.61       129.0   15.   0.000775  5.38      0.025
AMNSROBH          49.86          2.24       45.0    15.   0.002082  8.28      0.032
DOURROBH          50.09          4.59       237.0   15.   0.005027  7.06      0.031
EFBGROBH          50.53          6.88       356.0   15.   0.011369  7.22      0.032
CHLDROBH          49.71          4.76       162.0   15.   0.004225  6.53      0.030
DILLROBH          49.37          6.70       179.0   15.  -0.001312  7.07      0.031
APELROBH          52.21          5.96       72.0    15.   0.003657  7.01      0.034
LIZYROBH          49.02          3.03       61.0    15.   0.003156  7.75      0.032
TRBLROBH          48.57          1.34       215.0   15.   0.006311  9.35      0.031
CT3OROBH          49.26          1.69       107.0   15.   0.004608  7.15      0.025
SIRTROBH          48.71          2.21       173.0   15.   0.012811  7.94      0.032
CT27ROBH          48.98          1.51       206.0   15.   0.006648  9.33      0.029
LRTZROBH          48.69          6.19       215.0   15.   0.005851  7.17      0.031
CT21ROBH          49.38          1.60       171.0   15.   0.006644  9.34      0.028
DIPPROBH          49.93          1.08       10.0    15.  -0.000879  8.84      0.034
CT3HROBH          49.40          1.88       259.0   15.   0.004704  9.38      0.028
IJMUROBH          52.46          4.56       11.0    15.   0.002068  7.0       0.034
MEEUROBH          51.11          5.56       74.0    15.   0.006689  7.6       0.034
ROMYROBH          49.17          3.77       229.0   15.   0.007460  7.03      0.032
FETAROBH          49.20          3.51       123.0   15.   0.005220  7.1       0.031
DGLGROBH          50.99          2.34       12.0    15.   0.002265  8.05      0.033
CT23ROBH          49.13          1.84       187.0   15.   0.006075  9.03      0.032
ARDLROBQ          51.92          0.96       46.0    15.   0.004087  7.21      0.020
AARSROBQ          50.96          4.84       59.0    15.   0.006270  8.18      0.027
ZWEVROBQ          50.82          3.35       31.0    15.   0.004604  8.89      0.027
FOVAROBQ          50.32          4.22       126.0   15.   0.005608  9.26      0.028
SHOEROBQ          51.55          0.83       4.0     15.   0.004199  5.19      0.017
VITHROBQ          50.32          6.09       559.0   15.   0.002907  6.77      0.023
HOUTROBQ          51.02          5.37       58.0    15.   0.005430  7.15      0.027
ERPXROBQ          50.92          3.97       37.0    15.   0.006044  9.31      0.027
OSTIROBQ          50.68          3.80       45.0    15.   0.004847  8.08      0.025
BRCTROBQ          51.35          4.63       33.0    15.   0.004750  7.17      0.028
DOURROBQ          50.09          4.59       237.0   15.   0.007946  8.99      0.027
ATTLROBQ          52.52          0.99       36.0    15.   0.004883  8.71      0.020
TGRNROBQ          50.77          5.48       101.0   15.   0.007023  7.51      0.027
MEIXROBQ          49.62          5.44       322.0   15.   0.006848  10.05     0.028
VEURROBQ          51.07          2.67       15.0    15.   0.000516  8.88      0.026
NAMRROBQ          50.47          4.86       113.0   15.   0.005152  7.41      0.014
TILMROBQ          50.58          5.57       256.0   15.   0.006390  10.82     0.028
MECHROBQ          51.00          4.47       23.0    15.   0.005458  8.63      0.028
VOERROBQ          50.76          5.71       73.0    15.   0.007812  8.09      0.028
ZELZROBQ          51.19          3.81       19.0    15.   0.006179  10.15     0.027
WEYBROBQ          52.94          1.13       29.0    15.   0.005729  8.05      0.019
ONHAROBQ          50.25          4.85       247.0   15.   0.007832  8.53      0.026
NIVLROBQ          50.59          4.30       140.0   15.   0.001612  8.33      0.027
LEEUROBQ          50.75          4.25       45.0    15.   0.006216  9.25      0.028
DLF1ROBQ          51.99          4.39       32.0    15.   0.003289  6.69      0.024
WAREROBQ          50.69          5.25       142.0   15.   0.004441  7.84      0.027
APELROBQ          52.21          5.96       72.0    15.   0.003946  7.75      0.023
BERLROBQ          50.70          5.19       139.0   15.   0.001505  5.23      0.010
BUGGROBQ          51.01          4.19       21.0    15.   0.005532  9.6       0.028
VLISROBQ          51.44          3.60       10.0    15.   0.001389  5.29      0.022
LEGLROBQ          49.86          5.51       497.0   15.   0.008176  8.66      0.026
MOHAROBQ          50.54          5.19       134.0   15.   0.004450  10.19     0.027
BRGGROBQ          51.19          3.20       25.0    15.   0.003981  9.61      0.026
IJMUROBQ          52.46          4.56       11.0    15.   0.004339  6.25      0.023
BERTROBQ          50.86          4.61       55.0    15.   0.005251  9.47      0.027
BLIGROBQ          51.69          2.82       46.0    15.   0.005067  8.76      0.026
MAR1ROBQ          51.39          1.38       13.0    15.   0.000440  7.45      0.022
MARIROBQ          50.09          4.51       164.0   15.   0.001317  6.99      0.023
TURNROBQ          51.31          4.95       37.0    15.   0.004523  7.78      0.027
WSRTROBQ          52.91          6.60       41.0    15.   0.001152  7.75      0.020
BATTROBQ          50.64          5.83       276.0   15.   0.003039  10.17     0.027
HEREROBQ          51.19          4.84       29.0    15.   0.004765  7.7       0.027
OLLNROBQ          50.68          4.63       143.0   15.   0.002095  6.25      0.017
PITMROBQ          50.99          3.25       36.0    15.   0.003753  7.97      0.027
ALDBROBQ          52.15          1.60       12.0    15.   0.004495  9.65      0.022
KAINROBQ          50.63          3.37       21.0    15.   0.003650  11.28     0.028
GBGNROBQ          50.77          3.87       41.0    15.   0.002132  6.91      0.007
ZEEBROBQ          51.34          3.21       16.0    15.   0.004105  8.56      0.025
BEZAROBQ          51.31          4.32       21.0    15.   0.005528  9.65      0.027
WERBROBQ          50.38          5.68       443.0   15.   0.002320  7.45      0.014
MAFAROBQ          50.24          5.30       240.0   15.   0.004592  10.89     0.025
MAASROBQ          51.11          5.75       43.0    15.   0.005620  6.59      0.027
OUDEROBQ          50.85          3.62       18.0    15.   0.005223  9.08      0.027
EIJSROBQ          50.76          5.68       58.0    15.   0.006305  8.06      0.028
MOL1ROBQ          51.18          5.12       39.0    15.   0.005190  7.96      0.028
NIKLROBQ          51.14          4.15       34.0    15.   0.005224  8.33      0.026
BRUXROBQ          50.80          4.36       113.0   15.   0.004920  8.55      0.028
TELLROBQ          50.05          5.21       405.0   15.   0.009174  8.68      0.025
MABOROBQ          50.07          5.74       446.0   15.   0.005176  6.89      0.024
IEPEROBQ          50.85          2.86       30.0    15.   0.002703  8.42      0.020
ARLOROBQ          49.65          5.82       381.0   15.   0.006244  4.95      0.023
DENTROBQ          50.93          3.40       20.0    15.   0.003558  8.95      0.027
GENBROBQ          51.01          3.71       15.0    15.   0.004889  10.01     0.028
MENEROBQ          50.78          3.10       18.0    15.   0.006371  9.63      0.027
HOEGROBQ          50.78          4.90       52.0    15.   0.004211  9.05      0.027
0448GF1R     50.09     8.23     193.0    15.0      0.004712    0.03     0.00510
0512GF1R     50.36     7.57     136.0    15.0      0.006504    0.04     0.00827
0513GF1R     50.33     7.24     288.0    15.0      0.008246    0.03     0.00910
0519GF1R     50.20     6.82     463.0    15.0      0.007841    0.03     0.00719
0522GF1R     49.20     7.60     399.0    15.0      0.004089    0.04     0.00823
0523GF1R     49.44     7.77     258.0    15.0      0.005804    0.04     0.00629
0526GF1R     50.21     6.43     450.0    15.0      0.006388    0.04     0.00790
0527GF1R     49.65     7.17     393.0    15.0      0.007364    0.04     0.00829
0528GF1R     49.70     7.67     182.0    15.0      0.006545    0.04     0.00776
0529GF1R     49.75     8.12     186.0    15.0      0.006019    0.04     0.00591
0530GF1R     50.43     7.83     281.0    15.0      0.005822    0.03     0.00635
0531GF1R     49.99     6.19     512.0    15.0      0.004955    0.04     0.00827
0532GF1R     49.95     7.93     108.0    15.0      0.005085    0.03     0.00601
0642GF1R     52.25     8.05     106.0    15.0      0.006820    0.03     0.00702
0658GF1R     52.44     7.08     38.0    15.0      0.003022    0.03     0.00643
0659GF1R     52.85     8.04     57.0    15.0      0.006902    0.03     0.00619
0668GF1R     52.52     8.20     78.0    15.0      0.008043    0.03     0.00726
0683GF1R     52.72     7.32     47.0    15.0      0.005277    0.03     0.00631
0684GF1R     52.52     7.68     58.0    15.0      0.006113    0.03     0.00718
0928GF1R     49.32     7.34     260.0    15.0      0.006235    0.04     0.00774
0929GF1R     49.44     6.64     196.0    15.0      0.006070    0.04     0.00862
0930GF1R     49.22     7.01     235.0    15.0      0.005781    0.04     0.00838
0931GF1R     49.31     6.75     197.0    15.0      0.007896    0.04     0.00868
0932GF1R     49.47     7.18     301.0    15.0      0.007314    0.04     0.00796
0934GF1R     49.54     6.89     306.0    15.0      0.007841    0.04     0.00799
0533GF1R     49.20     8.11     162.0    15.0      0.004509    0.04     0.00692
0534GF1R     49.73     6.62     134.0    15.0      0.008839    0.03     0.00856
TIT2GF1R     51.04     6.43     110.0    15.0      0.003481    0.02     0.00395
2576GF1R     50.68     7.16     81.0    15.0      0.009752    0.03     0.00757
2578GF1R     51.66     6.61     54.0    15.0      0.001024    0.02     0.00727
2579GF1R     51.26     6.39     60.0    15.0      0.005794    0.03     0.00615
2582GF1R     51.46     7.02     172.0    15.0      0.008629    0.02     0.00343
2591GF1R     50.77     6.09     217.0    15.0      0.005385    0.03     0.00561
2594GF1R     51.03     7.57     292.0    15.0      0.009273    0.02     0.00542
2603GF1R     51.17     7.97     324.0    15.0      0.011014    0.02     0.00382
2616GF1R     51.68     7.81     83.0    15.0      0.008629    0.02     0.00384
2622GF1R     50.90     8.03     324.0    15.0      0.012079    0.01     0.00318
2577GF1R     51.20     6.79     81.0    15.0      0.006289    0.02     0.00601
2600GF1R     51.66     8.33     98.0    15.0      0.009495    0.00     0.00000
2615GF1R     51.05     6.56     66.0    15.0      0.001050    0.01     0.00284
2585GF1R     51.38     7.49     219.0    15.0      0.008844    0.00     0.00000
2587GF1R     51.96     7.63     105.0    15.0      0.012308    0.00     0.00000
2588GF1R     51.40     8.07     254.0    15.0      0.014652    0.00     0.00000
2592GF1R     50.64     6.63     243.0    15.0      0.006831    0.00     0.00000
2625GF1R     51.00     5.93     55.0    15.0      0.007083    0.03     0.00612
3599GF1R     52.28     7.44     67.0    15.0      0.002492    0.00     0.00000
ALDBMTRS     52.15     1.60     12.0    15.0      0.005875    0.02     0.00777
ARDLMTRS     51.92     0.96     46.0    15.0      0.006864    0.02     0.00836
ATTLMTRS     52.52     0.99     36.0    15.0      0.007044    0.02     0.00785
DUNGMTRS     50.93     0.98     11.0    15.0      0.007863    0.02     0.00813
GORSMTRS     52.58     1.73     7.0    15.0      0.003693    0.02     0.00735
