! $Id: as_agri,v 1.1 2008/09/05 14:24:18 ald_team Exp $
&NMGLO
 NDLON=240,
 NDGL=240,
 NPLEV=46,
/
&NMCOOR
  NBCOOR=21,
  NGCOFS(1:2)=73,63,
! on a 682 points de coordonnees en tout
! Pour calculer les indices: adapte X puis
! cat X |awk -F',' '{print NF^JNTOT=NTOT+NF^Jprint "TOTAL:" NTOT }'
! cat X |awk -F',' -v'NTOT=1' '{NTOT=NTOT+NF^Jprintf "%s,", NTOT }'>Z
  NGTOT=682,
  NGDEP(1)=1,10,30,76,117,164,178,195,251,285,293,307,333,363,408,
           483,510,527,548,636,661,
  CSTA(1)='Gebied 1','Gebied 2','Gebied 3','Gebied 4','Gebied 5',
  CSTA(6)='Gebied 6','Gebied 7','Gebied 8','Gebied 9','Gebied 10',
  CSTA(11)='Gebied 11','Gebied 12','Gebied 13','Gebied 14','Gebied 15',
  CSTA(16)='Gebied 16','Gebied 17','Gebied 18','Gebied 19','Gebied 20',
  CSTA(21)='Gebied 21',
  NGC(1,1)=29,30,32,33,34,34,35,36,37,
  NGC(1,2)=58,58,59,60,60,61,61,61,62,
  NGC(10,1)=39,30,30,31,31,31,32,32,32,32,33,33,33,34,34,35,36,36,37,37,
  NGC(10,2)=57,56,57,56,57,58,56,57,58,59,57,58,59,59,60,60,60,61,60,61,
  NGC(30,1)=30,30,31,31,31,32,32,32,32,32,33,33,33,33,33,33,34,34,34,34,
            35,35,35,35,35,36,36,36,36,36,36,37,37,37,37,37,38,38,38,38,
            39,39,39,40,40,41,
  NGC(30,2)=54,55,53,54,55,52,53,54,55,56,52,53,54,55,56,57,53,54,55,56,
            52,53,54,55,56,51,52,53,54,55,56,52,53,54,55,56,53,54,55,56,
            53,54,55,54,55,55,
  NGC(76,1)=37,38,38,39,39,39,40,40,40,41,41,41,41,42,42,42,42,43,43,43,
            43,44,44,44,44,45,45,45,46,46,46,47,47,47,48,48,49,49,50,51,
            52,
  NGC(76,2)=51,51,52,51,52,53,51,52,53,51,52,53,54,51,52,53,54,51,52,53,
            54,51,52,53,54,51,52,53,52,43,54,52,53,54,53,54,52,53,53,53,
            53,
NGC(117,1)=34,34,35,35,36,36,36,37,37,37,37,38,38,38,38,38,39,39,39,39,
           40,40,40,40,41,41,41,41,41,42,42,42,42,42,43,43,43,43,44,44,
           44,44,45,45,45,45,46,
NGC(117,2)=57,58,57,58,57,58,59,57,58,59,60,56,57,58,59,60,56,57,58,59,
           56,57,58,59,55,56,57,58,59,55,56,57,58,59,55,56,57,58,54,55,
           56,57,54,55,56,57,57,
NGC(164,1)=39,40,41,43,44,44,45,45,45,46,46,46,46,47,
NGC(164,2)=60,60,60,59,58,59,58,59,60,58,59,60,61,60,
NGC(178,1)=46,46,47,47,47,48,48,48,48,49,49,49,50,50,51,51,52,
NGC(178,2)=55,56,55,56,57,54,55,56,57,54,55,56,55,56,55,56,56,
NGC(195,1)=47,47,47,48,48,48,48,48,48,48,49,49,49,49,49,49,50,50,50,50,
           50,50,51,51,51,51,51,51,51,52,52,52,52,52,52,53,53,53,53,53,
           53,53,54,54,54,54,54,54,54,54,54,55,55,55,55,55,
NGC(195,2)=58,59,61,57,58,59,60,61,62,63,57,58,59,60,61,62,57,58,59,60,
           61,62,57,58,59,60,61,62,63,57,58,59,60,61,62,56,57,58,59,60,
           61,62,55,56,57,58,59,60,61,62,63,57,58,59,60,61,
NGC(251,1)=55,56,56,56,56,56,57,57,57,57,57,58,58,58,58,58,58,59,59,59,
           59,59,59,60,60,60,60,60,60,61,61,61,61,61,
NGC(251,2)=56,56,57,58,59,60,56,57,58,59,60,55,56,57,58,59,60,55,56,57,
           58,59,60,54,55,56,57,58,59,55,56,57,58,59,
NGC(285,1)=50,51,51,51,52,52,53,53,
NGC(285,2)=54,53,54,55,54,55,54,55,
NGC(293,1)=54,55,55,55,56,56,56,57,57,57,58,58,59,60,
NGC(293,2)=54,53,54,55,53,54,55,53,54,55,54,55,54,54,
NGC(307,1)=51,52,52,53,53,53,53,54,54,54,54,55,55,55,56,56,57,57,58,58,
           58,59,59,59,60,60,
NGC(307,2)=50,50,51,50,51,52,53,50,51,52,53,51,52,53,51,52,51,52,51,52,
           53,51,52,53,52,53,
NGC(333,1)=46,46,46,46,46,47,47,47,47,47,47,47,48,48,48,48,48,48,49,49,
           49,49,49,50,50,50,50,51,51,52,
NGC(333,2)=47,48,49,50,51,46,47,48,49,50,51,52,47,48,49,50,51,52,48,49,
           50,51,52,49,50,51,52,51,52,52,
NGC(363,1)=36,36,36,37,37,37,37,38,38,39,39,39,40,40,40,40,40,41,41,41,
           41,41,42,42,42,42,42,43,43,43,43,43,44,44,44,44,44,45,45,45,
           45,45,45,46,47,
NGC(363,2)=49,50,51,48,49,50,51,49,50,48,49,50,46,47,48,49,50,46,47,48,
           49,50,46,47,48,49,50,46,47,48,49,50,46,47,48,49,50,45,46,47,
           48,49,50,46,46,
NGC(408,1)=45,46,46,47,47,47,48,48,48,49,49,49,49,50,50,50,50,50,50,51,
           51,51,51,51,51,51,52,52,52,52,52,52,52,53,53,53,53,53,53,53,
           54,54,54,54,54,54,54,55,55,55,55,55,55,55,56,56,56,56,56,56,
           56,57,57,57,57,57,57,58,58,58,58,58,59,59,59,59,
NGC(408,2)=45,44,45,44,45,46,44,45,46,44,45,46,47,44,45,46,47,48,49,43,
           44,45,46,47,48,49,43,44,45,46,47,48,49,43,44,45,46,47,48,49,
           44,45,46,47,48,49,50,44,45,46,47,48,49,50,45,46,47,48,49,49,
           50,45,46,47,48,49,50,46,47,48,49,50,47,48,49,50,
NGC(483,1)=45,45,45,46,46,46,46,46,47,47,47,47,47,48,48,48,48,48,49,49,
           49,49,50,50,50,50,51,
NGC(483,2)=40,42,43,40,41,42,43,44,40,41,42,43,44,39,40,41,42,43,40,41,
           42,43,40,41,42,43,42,
NGC(510,1)=53,54,54,55,55,56,56,57,57,58,58,59,59,60,60,60,61,
NGC(510,2)=42,42,43,43,44,43,44,43,44,44,45,45,46,46,47,48,48,
NGC(527,1)=59,59,60,60,60,61,61,61,61,62,62,62,62,63,63,63,64,64,64,65,
           65,
NGC(527,2)=50,51,49,50,51,49,50,51,52,49,50,51,52,50,51,52,50,51,52,50,
           51,
NGC(548,1)=52,52,52,52,52,53,53,53,53,53,54,54,54,54,54,55,55,55,55,55,
           55,56,56,56,56,56,56,57,57,57,57,57,57,57,58,58,58,58,58,58,
           58,59,59,59,59,59,59,59,59,60,60,60,60,60,60,60,60,60,61,61,
           61,61,61,61,61,61,61,61,61,61,61,62,62,62,62,62,62,62,62,62,
           62,63,63,63,63,63,64,65,
NGC(548,2)=37,38,39,40,41,37,38,39,40,41,37,38,39,40,41,37,38,39,40,41,
           42,37,38,39,40,41,42,37,38,39,40,41,42,43,37,38,39,40,41,42,
           43,37,38,39,40,41,42,43,44,37,38,39,40,41,42,43,44,45,37,38,
           39,40,41,42,43,44,45,46,47,48,49,40,41,42,43,44,45,46,47,48,
           49,42,43,47,48,49,49,50,
NGC(636,1)=55,56,56,57,57,58,58,58,58,59,59,59,59,60,60,60,60,61,61,61,
           61,62,62,62,62,
NGC(636,2)=36,35,36,35,36,33,34,35,36,33,34,35,36,33,34,35,36,33,34,35,
           36,33,34,35,36,
NGC(661,1)=63,63,63,63,64,64,64,64,64,64,65,65,65,65,65,65,65,66,66,66,
           66,67,
NGC(661,2)=44,45,46,47,43,44,45,46,47,48,53,44,45,46,47,48,49,45,46,47,
           50,46,
  NBSUR=8
  CNA_SUR(1)='[MSL]PRESSURE\*.01',
  CNA_SUR(3)='PREC.EAU.GEC\=0.0','PREC.EAU.CON\=0.0',
             'PREC.NEI.GEC\=0.0','PREC.NEI.CON\=0.0',
  CNA_SUR(7)='NEBUL.TOTALE\*100.','FLU.RAY.SOLA\=0.0\*1.E-4',
  NBCLS=5,
  CNA_CLS(1)='TEMPERATURE\-273.151','HUMI.RELATIVE\>TD',
             'VENT.ZONAL','VENT.MERIDIEN\>FD',
  CNA_CLS(5)='HUMI.RELATIVE\*100.'
  NB3D=3,
  CNA_3D(1)='PRESSION\*.01','VENT_ZONAL','VENT_MERIDIE\>FD',
  CFM_SUR(7)='F4.0','F6.0',
  CFM_CLS(1)='F6.1','F6.1','F5.0','F4.0','F4.0',
  CFM_3D(1)='F6.1','F5.0','F4.0',
  LDBG=.FALSE.,
  IUNIT=30,
  NBLEV=46,
  ITOPLEV=41,
/
