! $Id: as_sethy,v 1.1 2008/09/05 14:24:18 ald_team Exp $
&NMGLO
 NDLON=240,
 NDGL=240,
 NPLEV=46,
&END
&NMCOOR
 NBCOOR=9 ,
 NGCOFS(1:2)=73,63,
 NGTOT=708 ,
 NGDEP=001,082,137,205,279,349,400,513,620,
 CSTA(1 )='ESCAUT ','DYLE ','VESDRE ','OURTHE ','MEUSE ','LESSE ',
 CSTA(7)='SEMOIS ','HAUTE-MEUSE ','SAMBRE ',
 NGC(001,1)=32,32,33,33,33,34,35,36,36,36,36,36,37,37,37,
            37,37,38,38,38,38,38,39,39,39,39,39,39,39,40,
            40,40,40,40,40,40,40,40,41,41,41,41,41,41,41,
            41,41,41,42,42,42,42,42,42,42,42,42,43,43,43,
            43,43,43,43,43,44,44,44,44,44,44,44,44,45,45,
            45,45,45,46,46,46,
 NGC(001,2)=51,52,51,52,53,53,52,48,49,50,51,52,48,49,50,
            51,52,48,49,50,51,52,45,47,48,49,50,51,52,44,
            45,46,47,48,49,50,51,52,43,44,45,46,47,48,49,
            50,51,52,44,45,46,47,48,49,50,51,52,44,45,46,
            47,48,49,50,51,44,45,46,47,48,49,50,51,45,46,
            47,48,51,46,47,48,
 NGC(082,1)=43,43,43,44,44,44,44,45,45,45,45,45,46,46,46,
            46,46,47,47,47,47,47,48,48,48,48,48,49,49,49,
            49,49,50,50,50,50,50,51,51,51,51,51,52,52,52,
            52,52,53,53,53,54,54,54,55,55,
 NGC(082,2)=48,49,50,48,49,50,51,48,49,50,51,52,47,48,49,
            50,51,48,49,50,51,52,48,49,50,51,52,48,49,50,
            51,52,49,50,51,52,53,49,50,51,52,53,49,50,51,
            52,53,50,51,52,50,51,52,50,51,
 NGC(137,1)=60,60,60,60,61,61,61,61,61,61,61,62,62,62,62,
            62,62,62,62,63,63,63,63,63,63,63,63,63,64,64,
            64,64,64,64,64,64,64,64,65,65,65,65,65,65,65,
            65,65,65,65,66,66,66,66,66,66,66,66,66,66,67,
            67,67,67,67,67,68,68,68,
 NGC(137,2)=47,48,49,50,44,45,46,47,48,49,50,43,44,45,46,
            47,48,49,50,43,44,45,46,47,48,49,50,51,42,43,
            44,45,46,47,48,49,50,51,42,43,44,45,46,47,48,
            49,50,51,52,42,43,44,45,46,47,48,49,50,51,44,
            45,46,47,48,50,45,46,47,
 NGC(205,1)=55,56,56,57,57,57,57,58,58,58,58,58,58,58,58,
            58,58,58,58,59,59,59,59,59,59,59,59,59,59,59,
            59,59,59,60,60,60,60,60,60,60,60,60,60,60,60,
            60,60,61,61,61,61,61,61,61,61,61,61,61,61,61,
            62,62,62,62,62,62,62,62,63,63,63,63,64,64,
 NGC(205,2)=44,44,45,43,44,45,46,38,39,40,41,42,43,44,45,
            46,47,48,49,37,38,39,40,41,42,43,44,45,46,47,
            48,49,50,37,38,39,40,41,42,43,44,45,46,47,48,
            49,50,36,37,38,39,40,41,42,43,44,45,46,47,48,
            36,37,38,39,40,41,42,43,40,41,42,43,42,43,
 NGC(279,1)=51,51,51,52,52,52,52,52,53,53,53,53,53,53,54,
            54,54,54,54,55,55,55,55,55,55,55,56,56,56,56,
            56,56,56,56,57,57,57,57,57,57,57,57,58,58,58,
            58,58,58,59,59,59,59,59,60,60,60,60,61,61,61,
            61,62,62,62,63,63,64,64,65,65,
 NGC(279,2)=47,48,49,46,47,48,49,50,45,46,47,48,49,50,46,
            47,48,49,50,46,47,48,49,50,51,52,45,46,47,48,
            49,50,51,52,45,46,47,48,49,50,51,52,47,48,49,
            50,51,52,49,50,51,52,53,50,51,52,53,50,51,52,
            53,50,51,52,51,52,51,52,51,52,
 NGC(349,1)=52,53,53,53,53,53,53,53,53,54,54,54,54,54,54,
            54,54,54,55,55,55,55,55,55,55,55,55,56,56,56,
            56,56,56,56,56,56,57,57,57,57,57,57,58,58,58,
            58,58,58,59,59,59,
 NGC(349,2)=45,38,40,41,42,43,44,45,46,38,39,40,41,42,43,
            44,45,46,38,39,40,41,42,43,44,45,46,38,39,40,
            41,42,43,44,45,46,38,39,40,41,42,43,38,39,40,
            41,42,43,41,42,43,
 NGC(400,1)=51,51,52,52,52,52,53,53,53,53,54,54,54,54,54,
            54,55,55,55,55,55,55,55,56,56,56,56,56,56,56,
            56,56,57,57,57,57,57,57,57,57,57,57,57,58,58,
            58,58,58,58,58,58,58,58,58,58,59,59,59,59,59,
            59,59,59,59,59,59,59,60,60,60,60,60,60,60,60,
            60,60,60,61,61,61,61,61,61,61,61,61,61,61,62,
            62,62,62,62,62,62,62,62,62,62,63,63,63,63,63,
            63,63,63,64,64,64,64,64,
 NGC(400,2)=37,38,36,37,38,39,36,37,38,39,33,34,35,36,37,
            38,32,33,34,35,36,37,38,30,31,32,33,34,35,36,
            37,38,28,29,30,31,32,33,34,35,36,37,38,27,28,
            29,30,31,32,33,34,35,36,37,38,27,28,29,30,31,
            32,33,34,35,36,37,38,27,28,29,30,31,32,33,34,
            35,36,37,27,28,29,30,31,32,33,34,35,36,37,26,
            27,28,29,30,31,32,33,34,35,36,28,29,30,31,32,
            33,34,35,29,30,31,32,33,
 NGC(513,1)=45,45,46,46,46,47,47,47,47,47,47,47,47,48,48,
            48,48,48,48,48,48,48,49,49,49,49,49,49,49,49,
            49,49,49,50,50,50,50,50,50,50,50,50,50,50,50,
            50,50,50,51,51,51,51,51,51,51,51,51,51,51,51,
            51,51,51,51,51,52,52,52,52,52,52,52,52,52,52,
            52,52,52,52,52,52,52,52,53,53,53,53,53,53,53,
            53,53,53,53,53,53,53,53,53,53,54,54,54,54,54,
            54,54,
 NGC(513,2)=39,40,39,40,41,35,36,37,38,39,40,41,42,34,35,
            36,37,38,39,40,41,42,33,34,35,36,37,38,39,40,
            41,42,43,32,33,34,35,36,37,38,39,40,41,42,43,
            44,45,46,30,31,32,33,34,35,36,37,38,39,40,41,
            42,43,44,45,46,29,30,31,32,33,34,35,36,37,38,
            39,40,41,42,43,44,45,46,29,30,31,32,33,34,35,
            36,37,38,39,40,41,42,43,44,45,31,34,35,36,38,
            39,40,
 NGC(620,1)=39,40,40,40,40,41,41,41,41,41,42,42,42,42,42,
            42,43,43,43,43,43,43,43,44,44,44,44,44,44,44,
            45,45,45,45,45,45,45,46,46,46,46,46,46,46,46,
            46,47,47,47,47,47,47,47,47,47,48,48,48,48,48,
            48,48,48,49,49,49,49,49,49,49,49,50,50,50,50,
            50,50,50,51,51,51,51,51,51,52,52,52,52,52,
 NGC(620,2)=41,40,41,42,43,40,41,42,43,44,40,41,42,43,44,
            45,39,40,41,42,43,44,45,39,40,41,42,43,44,45,
            40,41,42,43,44,45,46,40,41,42,43,44,45,46,47,
            48,41,42,43,44,45,46,47,48,49,42,43,44,45,46,
            47,48,49,42,43,44,45,46,47,48,49,43,44,45,46,
            47,48,49,45,46,47,48,49,50,46,47,48,49,50,
 CNA_SUR(1)='NEBUL.TOTALE\*8.','NEBUL.BASSE\*8.',
CNA_SUR(3)='PREC.EAU.GEC\=0.0','PREC.EAU.CON\=0.0',
 'PREC.NEI.GEC\=0.0','PREC.NEI.CON\=0.0',
CNA_CLS(1)='TEMPERATURE\-273.151','HUMI.RELATIVE\>TD',
'VENT.ZONAL','VENT.MERIDIEN\>FD',
  CNA_CLS(5)='MINI.TEMPERAT\-273.151','MAXI.TEMPERAT\-273.151',
  NBCLS=4,
  CFM_SUR(1)='F3.0','F3.0','F6.2','F6.2','F6.2','F6.2',
  CFM_CLS(1)='F6.1','F6.1','F5.0','F4.0',
  CFM_3D(1)='F6.1','F6.1','F6.1','F5.0','F4.0',
  NB3D=0,
  LDBG=.FALSE.,
  IUNIT=30,
  NBLEV=46,
  ITOPLEV=47,
&END
